time	V(in)	V(out)
0.000000000000000e+00	4.637684e+00	4.622733e+00
9.999999717180685e-10	4.637684e+00	4.622733e+00
1.999999943436137e-09	4.637684e+00	4.622733e+00
3.999999886872274e-09	4.637684e+00	4.622733e+00
7.999999773744548e-09	4.637684e+00	4.622733e+00
1.599999954748910e-08	4.637684e+00	4.622733e+00
3.199999909497819e-08	4.637684e+00	4.622733e+00
6.399999818995639e-08	4.637684e+00	4.622733e+00
1.279999963799128e-07	4.637684e+00	4.622733e+00
2.559999927598255e-07	4.637684e+00	4.622733e+00
5.119999855196511e-07	4.637684e+00	4.622733e+00
1.023999971039302e-06	4.637684e+00	4.622733e+00
2.047999942078604e-06	4.637684e+00	4.622733e+00
4.095999884157209e-06	4.637684e+00	4.622733e+00
8.191999768314417e-06	4.637684e+00	4.622733e+00
1.638399953662883e-05	4.637684e+00	4.622733e+00
3.276799907325767e-05	4.637684e+00	4.622733e+00
6.553599814651534e-05	4.637684e+00	4.622733e+00
1.310719962930307e-04	4.637684e+00	4.622733e+00
2.621439925860614e-04	4.637684e+00	4.622733e+00
5.242879851721227e-04	4.637684e+00	4.622733e+00
8.172567351721228e-04	4.637684e+00	4.622733e+00
1.110225485172123e-03	4.637684e+00	4.622733e+00
1.236996662058560e-03	4.637693e+00	4.622741e+00
1.307529576427640e-03	4.638020e+00	4.623029e+00
1.344452711805951e-03	4.639494e+00	4.624326e+00
1.370016276639209e-03	4.643037e+00	4.627444e+00
1.393598975642890e-03	4.650342e+00	4.633868e+00
1.431034221358291e-03	4.673703e+00	4.654385e+00
1.473056423938958e-03	4.719100e+00	4.694122e+00
1.519074078763328e-03	4.791092e+00	4.756670e+00
1.588479847320578e-03	4.935723e+00	4.878890e+00
1.629867191252213e-03	5.038755e+00	4.957875e+00
1.657256165389398e-03	5.112320e+00	4.999435e+00
1.673284450400684e-03	5.157161e+00	5.011010e+00
1.687869075605745e-03	5.199064e+00	5.014460e+00
1.692041108735674e-03	5.211238e+00	5.014712e+00
1.696714761007540e-03	5.224972e+00	5.015037e+00
1.701673059844139e-03	5.239649e+00	5.015101e+00
1.706468144967327e-03	5.253945e+00	5.015268e+00
1.712201473954307e-03	5.271166e+00	5.015240e+00
1.717434573182556e-03	5.287003e+00	5.015349e+00
1.724239702854457e-03	5.307758e+00	5.015285e+00
1.732376643021255e-03	5.332807e+00	5.015376e+00
1.744215372059365e-03	5.369673e+00	5.015298e+00
1.761427661326275e-03	5.424096e+00	5.015380e+00
1.793181344601111e-03	5.526712e+00	5.015299e+00
1.856688711150781e-03	5.738458e+00	5.015380e+00
1.983703444250123e-03	6.175786e+00	5.015299e+00
2.235242847738483e-03	7.040916e+00	5.015380e+00
2.473091150090246e-03	7.814419e+00	5.015298e+00
2.766059900090246e-03	8.668682e+00	5.015379e+00
3.059028650090246e-03	9.398721e+00	5.015297e+00
3.351997400090245e-03	9.994697e+00	5.015378e+00
3.644966150090245e-03	1.045042e+01	5.015297e+00
3.937934900090245e-03	1.076287e+01	5.015378e+00
4.230903650090245e-03	1.093371e+01	5.015297e+00
4.521260992255076e-03	1.097691e+01	5.015378e+00
4.682876363078479e-03	1.095920e+01	5.015296e+00
4.838327390462911e-03	1.092919e+01	5.015378e+00
4.880066394364289e-03	1.092014e+01	5.015296e+00
4.912883566232902e-03	1.091294e+01	5.015378e+00
4.948003367896834e-03	1.090517e+01	5.015296e+00
4.980667291397797e-03	1.089792e+01	5.015378e+00
5.011287994061418e-03	1.089110e+01	5.015296e+00
5.040584599416597e-03	1.088457e+01	5.015378e+00
5.071372079949179e-03	1.087770e+01	5.015297e+00
5.099335088728510e-03	1.087146e+01	5.015378e+00
5.126344785198099e-03	1.086543e+01	5.015297e+00
5.152245913313736e-03	1.085964e+01	5.015378e+00
5.178667563123357e-03	1.085374e+01	5.015297e+00
5.211504146383890e-03	1.084641e+01	5.015378e+00
5.248881886746271e-03	1.083806e+01	5.015297e+00
5.297806548728784e-03	1.082713e+01	5.015378e+00
5.363044117078712e-03	1.081255e+01	5.015297e+00
5.463949834269545e-03	1.079001e+01	5.015378e+00
5.647517859667351e-03	1.074900e+01	5.015297e+00
5.940486609667350e-03	1.068355e+01	5.015378e+00
6.233455359667350e-03	1.061810e+01	5.015297e+00
6.526424109667350e-03	1.055265e+01	5.015378e+00
6.819392859667350e-03	1.048720e+01	5.015297e+00
7.112361609667350e-03	1.042174e+01	5.015378e+00
7.405330359667350e-03	1.035629e+01	5.015297e+00
7.698299109667349e-03	1.029084e+01	5.015378e+00
7.991267859667349e-03	1.022539e+01	5.015297e+00
8.284236609667350e-03	1.015994e+01	5.015378e+00
8.577205359667351e-03	1.009449e+01	5.015297e+00
8.870174109667351e-03	1.002904e+01	5.015378e+00
9.163142859667352e-03	9.963589e+00	5.015297e+00
9.456111609667353e-03	9.898138e+00	5.015378e+00
9.749080359667353e-03	9.832687e+00	5.015297e+00
1.004204910966735e-02	9.767237e+00	5.015378e+00
1.033501785966735e-02	9.701785e+00	5.015297e+00
1.062798660966736e-02	9.636334e+00	5.015378e+00
1.078733310935026e-02	9.600736e+00	5.015297e+00
1.087567901830057e-02	9.580999e+00	5.015378e+00
1.092203731348225e-02	9.570643e+00	5.015297e+00
1.095227980278317e-02	9.563890e+00	5.015378e+00
1.097362562993173e-02	9.559124e+00	5.015297e+00
1.099340706618750e-02	9.554713e+00	5.015378e+00
1.101372618964816e-02	9.550191e+00	5.015297e+00
1.103327031867639e-02	9.545861e+00	5.015377e+00
1.105326726757231e-02	9.541471e+00	5.015297e+00
1.107347403544476e-02	9.537122e+00	5.015377e+00
1.109426828828511e-02	9.532826e+00	5.015297e+00
1.111606155577428e-02	9.528710e+00	5.015377e+00
1.113982191685406e-02	9.525064e+00	5.015297e+00
1.116786970328162e-02	9.522717e+00	5.015377e+00
1.120788322851974e-02	9.525130e+00	5.015297e+00
1.125804529976019e-02	9.540438e+00	5.015378e+00
1.131502617558220e-02	9.575337e+00	5.015298e+00
1.138057259137065e-02	9.635722e+00	5.015378e+00
1.148434406974126e-02	9.762281e+00	5.015298e+00
1.165016986245143e-02	1.000212e+01	5.015378e+00
1.184089584217523e-02	1.028233e+01	5.015298e+00
1.202176207892899e-02	1.051763e+01	5.015378e+00
1.223985336257799e-02	1.074030e+01	5.015298e+00
1.253079195608007e-02	1.092208e+01	5.015378e+00
1.280013867817224e-02	1.097697e+01	5.015297e+00
1.297535657210934e-02	1.096515e+01	5.015377e+00
1.310479605877710e-02	1.094240e+01	5.015297e+00
1.318151724707673e-02	1.092634e+01	5.015377e+00
1.321511107903464e-02	1.091904e+01	5.015297e+00
1.325229129806760e-02	1.091088e+01	5.015377e+00
1.328786428775005e-02	1.090300e+01	5.015297e+00
1.332597709987345e-02	1.089454e+01	5.015377e+00
1.336365586536990e-02	1.088614e+01	5.015297e+00
1.340292616474867e-02	1.087738e+01	5.015377e+00
1.345095604654290e-02	1.086666e+01	5.015297e+00
1.350983262612380e-02	1.085351e+01	5.015377e+00
1.359071679630526e-02	1.083544e+01	5.015297e+00
1.371377573716860e-02	1.080794e+01	5.015377e+00
1.394337901251917e-02	1.075665e+01	5.015297e+00
1.423634776251917e-02	1.069120e+01	5.015377e+00
1.452931651251917e-02	1.062575e+01	5.015297e+00
1.482228526251917e-02	1.056030e+01	5.015377e+00
1.511525401251917e-02	1.049485e+01	5.015297e+00
1.540822276251918e-02	1.042940e+01	5.015377e+00
1.570119151251918e-02	1.036395e+01	5.015297e+00
1.599416026251918e-02	1.029849e+01	5.015377e+00
1.628712901251918e-02	1.023304e+01	5.015297e+00
1.658009776251918e-02	1.016759e+01	5.015377e+00
1.687306651251918e-02	1.010214e+01	5.015297e+00
1.716603526251918e-02	1.003669e+01	5.015377e+00
1.745900401251918e-02	9.971240e+00	5.015297e+00
1.775197276251918e-02	9.905789e+00	5.015377e+00
1.804494151251918e-02	9.840339e+00	5.015297e+00
1.833791026251918e-02	9.774888e+00	5.015377e+00
1.863087901251918e-02	9.709437e+00	5.015297e+00
1.892384776251918e-02	9.643987e+00	5.015377e+00
1.921681651251918e-02	9.578537e+00	5.015297e+00
1.932468643563807e-02	9.554463e+00	5.015377e+00
1.939561759226643e-02	9.538885e+00	5.015297e+00
1.943251810080687e-02	9.531271e+00	5.015377e+00
1.946033442340602e-02	9.526338e+00	5.015297e+00
1.948895134202369e-02	9.522897e+00	5.015377e+00
1.952112792554396e-02	9.522432e+00	5.015298e+00
1.958170750307028e-02	9.536049e+00	5.015377e+00
1.963887627042092e-02	9.568051e+00	5.015298e+00
1.970200191370674e-02	9.623179e+00	5.015378e+00
1.979049397870115e-02	9.726389e+00	5.015298e+00
1.996747810868998e-02	9.977238e+00	5.015378e+00
2.016231556791053e-02	1.026506e+01	5.015298e+00
2.034374841467100e-02	1.050390e+01	5.015378e+00
2.055368506126695e-02	1.072329e+01	5.015298e+00
2.084067605627088e-02	1.091234e+01	5.015377e+00
2.109528961926647e-02	1.097495e+01	5.015298e+00
2.128673152284996e-02	1.096800e+01	5.015377e+00
2.140980736158930e-02	1.094777e+01	5.015297e+00
2.153128677185141e-02	1.092272e+01	5.015377e+00
2.156692583901316e-02	1.091493e+01	5.015297e+00
2.161306031911309e-02	1.090475e+01	5.015377e+00
2.165813150937154e-02	1.089473e+01	5.015297e+00
2.170875270029227e-02	1.088346e+01	5.015377e+00
2.176874081406282e-02	1.087007e+01	5.015298e+00
2.184677696529885e-02	1.085264e+01	5.015377e+00
2.195943899391161e-02	1.082747e+01	5.015298e+00
2.215370273596453e-02	1.078407e+01	5.015377e+00
2.244667148596453e-02	1.071862e+01	5.015298e+00
2.273964023596453e-02	1.065317e+01	5.015377e+00
2.303260898596453e-02	1.058772e+01	5.015298e+00
2.332557773596453e-02	1.052227e+01	5.015377e+00
2.361854648596453e-02	1.045682e+01	5.015298e+00
2.391151523596453e-02	1.039137e+01	5.015377e+00
2.420448398596453e-02	1.032592e+01	5.015298e+00
2.449745273596454e-02	1.026046e+01	5.015377e+00
2.479042148596454e-02	1.019501e+01	5.015298e+00
2.508339023596454e-02	1.012956e+01	5.015377e+00
2.537635898596454e-02	1.006411e+01	5.015298e+00
2.566932773596454e-02	9.998661e+00	5.015377e+00
2.596229648596454e-02	9.933210e+00	5.015298e+00
2.625526523596454e-02	9.867760e+00	5.015377e+00
2.654823398596454e-02	9.802309e+00	5.015298e+00
2.684120273596454e-02	9.736858e+00	5.015377e+00
2.713417148596454e-02	9.671408e+00	5.015298e+00
2.742714023596454e-02	9.605956e+00	5.015377e+00
2.759803862607238e-02	9.567780e+00	5.015298e+00
2.770748061908834e-02	9.543503e+00	5.015377e+00
2.776119739486506e-02	9.532196e+00	5.015298e+00
2.779755403340898e-02	9.525813e+00	5.015377e+00
2.783076191761839e-02	9.522459e+00	5.015298e+00
2.786496548020773e-02	9.523405e+00	5.015377e+00
2.791779263197572e-02	9.537122e+00	5.015298e+00
2.797525345953549e-02	9.570224e+00	5.015377e+00
2.803805543482024e-02	9.625939e+00	5.015298e+00
2.813388502525515e-02	9.739391e+00	5.015377e+00
2.832554420612497e-02	1.001376e+01	5.015298e+00
2.850448876307796e-02	1.027766e+01	5.015377e+00
2.870064831754774e-02	1.053171e+01	5.015298e+00
2.890123135228824e-02	1.073573e+01	5.015377e+00
2.919420010228824e-02	1.092079e+01	5.015298e+00
2.946149955945477e-02	1.097679e+01	5.015377e+00
2.964100022065543e-02	1.096531e+01	5.015298e+00
2.976572609522626e-02	1.094352e+01	5.015377e+00
2.985027300623345e-02	1.092587e+01	5.015298e+00
2.988334068976588e-02	1.091868e+01	5.015377e+00
2.992549863261550e-02	1.090942e+01	5.015298e+00
2.996725641555475e-02	1.090016e+01	5.015377e+00
3.000916152665335e-02	1.089084e+01	5.015298e+00
3.005682510571270e-02	1.088021e+01	5.015377e+00
3.011292314033599e-02	1.086769e+01	5.015298e+00
3.018607484133089e-02	1.085135e+01	5.015377e+00
3.029062193206821e-02	1.082800e+01	5.015298e+00
3.046579008907838e-02	1.078886e+01	5.015377e+00
3.075875883907838e-02	1.072341e+01	5.015298e+00
3.105172758907838e-02	1.065796e+01	5.015377e+00
3.134469633907837e-02	1.059251e+01	5.015298e+00
3.163766508907837e-02	1.052706e+01	5.015377e+00
3.193063383907837e-02	1.046161e+01	5.015298e+00
3.222360258907837e-02	1.039616e+01	5.015377e+00
3.251657133907836e-02	1.033071e+01	5.015298e+00
3.280954008907836e-02	1.026526e+01	5.015377e+00
3.310250883907836e-02	1.019981e+01	5.015298e+00
3.339547758907836e-02	1.013435e+01	5.015377e+00
3.368844633907835e-02	1.006890e+01	5.015298e+00
3.398141508907835e-02	1.000345e+01	5.015377e+00
3.427438383907835e-02	9.938003e+00	5.015298e+00
3.456735258907834e-02	9.872552e+00	5.015377e+00
3.486032133907834e-02	9.807101e+00	5.015298e+00
3.515329008907834e-02	9.741650e+00	5.015377e+00
3.544625883907834e-02	9.676199e+00	5.015298e+00
3.573922758907833e-02	9.610748e+00	5.015377e+00
3.603219633907833e-02	9.545609e+00	5.015298e+00
3.616152326568552e-02	9.526626e+00	5.015377e+00
3.623980787505129e-02	9.536902e+00	5.015298e+00
3.631542770957547e-02	9.578372e+00	5.015377e+00
3.639149593390255e-02	9.649355e+00	5.015298e+00
3.646926286395177e-02	9.743946e+00	5.015377e+00
3.662479672405020e-02	9.965136e+00	5.015299e+00
3.675956342932254e-02	1.016670e+01	5.015377e+00
3.694232899424154e-02	1.041973e+01	5.015298e+00
3.715629243995509e-02	1.066351e+01	5.015377e+00
3.737909528932518e-02	1.084402e+01	5.015298e+00
3.767206403932517e-02	1.096355e+01	5.015377e+00
3.793233665854510e-02	1.097177e+01	5.015298e+00
3.803836335562717e-02	1.095580e+01	5.015377e+00
3.817080594117160e-02	1.092956e+01	5.015298e+00
3.823120185543441e-02	1.091644e+01	5.015377e+00
3.830099980094220e-02	1.090102e+01	5.015298e+00
3.836823317347385e-02	1.088606e+01	5.015377e+00
3.845513760808529e-02	1.086666e+01	5.015298e+00
3.857524148395003e-02	1.083983e+01	5.015377e+00
3.878446379747433e-02	1.079309e+01	5.015298e+00
3.907743254747433e-02	1.072764e+01	5.015377e+00
3.937040129747433e-02	1.066219e+01	5.015298e+00
3.966337004747433e-02	1.059674e+01	5.015377e+00
3.995633879747432e-02	1.053129e+01	5.015298e+00
4.024930754747432e-02	1.046584e+01	5.015377e+00
4.054227629747432e-02	1.040039e+01	5.015298e+00
4.083524504747432e-02	1.033494e+01	5.015377e+00
4.112821379747431e-02	1.026949e+01	5.015298e+00
4.142118254747431e-02	1.020404e+01	5.015377e+00
4.171415129747431e-02	1.013859e+01	5.015298e+00
4.200712004747430e-02	1.007313e+01	5.015377e+00
4.230008879747430e-02	1.000768e+01	5.015298e+00
4.259305754747430e-02	9.942233e+00	5.015377e+00
4.288602629747430e-02	9.876782e+00	5.015298e+00
4.317899504747429e-02	9.811332e+00	5.015377e+00
4.347196379747429e-02	9.745881e+00	5.015298e+00
4.376493254747429e-02	9.680430e+00	5.015377e+00
4.405790129747428e-02	9.614980e+00	5.015298e+00
4.435087004747428e-02	9.549706e+00	5.015377e+00
4.447993611896685e-02	9.527632e+00	5.015298e+00
4.455591504123201e-02	9.531958e+00	5.015377e+00
4.462939148827241e-02	9.564725e+00	5.015298e+00
4.469398348284835e-02	9.617642e+00	5.015377e+00
4.476615786280011e-02	9.697615e+00	5.015298e+00
4.491050662270363e-02	9.894463e+00	5.015377e+00
4.504198250245155e-02	1.009142e+01	5.015299e+00
4.523461961596285e-02	1.036578e+01	5.015377e+00
4.542068812248420e-02	1.059220e+01	5.015298e+00
4.568698487096429e-02	1.082731e+01	5.015377e+00
4.596638848504706e-02	1.095496e+01	5.015298e+00
4.625935723504706e-02	1.097314e+01	5.015377e+00
4.636424623045136e-02	1.095771e+01	5.015298e+00
4.649918690299984e-02	1.093120e+01	5.015377e+00
4.656249940514354e-02	1.091747e+01	5.015298e+00
4.663600761839580e-02	1.090123e+01	5.015377e+00
4.670529742334942e-02	1.088581e+01	5.015298e+00
4.679534663856911e-02	1.086571e+01	5.015377e+00
4.692188228058949e-02	1.083744e+01	5.015298e+00
4.714844102581737e-02	1.078683e+01	5.015377e+00
4.744140977581737e-02	1.072138e+01	5.015298e+00
4.773437852581736e-02	1.065593e+01	5.015377e+00
4.802734727581736e-02	1.059048e+01	5.015298e+00
4.832031602581736e-02	1.052503e+01	5.015377e+00
4.861328477581735e-02	1.045958e+01	5.015298e+00
4.890625352581735e-02	1.039412e+01	5.015377e+00
4.919922227581735e-02	1.032867e+01	5.015298e+00
4.949219102581735e-02	1.026322e+01	5.015377e+00
4.978515977581734e-02	1.019777e+01	5.015298e+00
5.007812852581734e-02	1.013232e+01	5.015377e+00
5.037109727581734e-02	1.006687e+01	5.015298e+00
5.066406602581734e-02	1.000142e+01	5.015377e+00
5.095703477581733e-02	9.935969e+00	5.015298e+00
5.125000352581733e-02	9.870519e+00	5.015377e+00
5.154297227581733e-02	9.805068e+00	5.015298e+00
5.183594102581732e-02	9.739617e+00	5.015377e+00
5.212890977581732e-02	9.674167e+00	5.015298e+00
5.242187852581732e-02	9.608716e+00	5.015377e+00
5.271484727581732e-02	9.543817e+00	5.015298e+00
5.283587468609730e-02	9.527843e+00	5.015377e+00
5.292281098411226e-02	9.544457e+00	5.015298e+00
5.300241519638457e-02	9.595734e+00	5.015377e+00
5.308147135690847e-02	9.676431e+00	5.015299e+00
5.316687051531145e-02	9.786137e+00	5.015377e+00
5.333766883211742e-02	1.003437e+01	5.015299e+00
5.348208407801133e-02	1.024743e+01	5.015377e+00
5.366589050651061e-02	1.049092e+01	5.015299e+00
5.388161404461696e-02	1.071864e+01	5.015377e+00
5.411239120942613e-02	1.088278e+01	5.015298e+00
5.439649110543778e-02	1.097222e+01	5.015377e+00
5.464394106427282e-02	1.096631e+01	5.015298e+00
5.475221020759981e-02	1.094739e+01	5.015376e+00
5.487033068976692e-02	1.092282e+01	5.015298e+00
5.495012285994011e-02	1.090528e+01	5.015376e+00
5.503075922574826e-02	1.088735e+01	5.015298e+00
5.512302221980408e-02	1.086676e+01	5.015376e+00
5.526655962187974e-02	1.083470e+01	5.015298e+00
5.552017718509998e-02	1.077804e+01	5.015376e+00
5.581314593509998e-02	1.071259e+01	5.015298e+00
5.610611468509998e-02	1.064714e+01	5.015376e+00
5.639908343509997e-02	1.058169e+01	5.015298e+00
5.669205218509997e-02	1.051623e+01	5.015376e+00
5.698502093509997e-02	1.045078e+01	5.015298e+00
5.727798968509996e-02	1.038533e+01	5.015376e+00
5.757095843509996e-02	1.031988e+01	5.015298e+00
5.786392718509996e-02	1.025443e+01	5.015376e+00
5.815689593509996e-02	1.018898e+01	5.015298e+00
5.844986468509995e-02	1.012353e+01	5.015376e+00
5.874283343509995e-02	1.005808e+01	5.015298e+00
5.903580218509995e-02	9.992628e+00	5.015376e+00
5.932877093509994e-02	9.927177e+00	5.015298e+00
5.962173968509994e-02	9.861727e+00	5.015376e+00
5.991470843509994e-02	9.796276e+00	5.015298e+00
6.020767718509994e-02	9.730825e+00	5.015376e+00
6.050064593509993e-02	9.665375e+00	5.015298e+00
6.079361468509993e-02	9.599924e+00	5.015376e+00
6.108658343509993e-02	9.536682e+00	5.015298e+00
6.121813948677291e-02	9.535543e+00	5.015377e+00
6.134346929466557e-02	9.603637e+00	5.015298e+00
6.141633461068673e-02	9.679189e+00	5.015377e+00
6.150602892454544e-02	9.794741e+00	5.015299e+00
6.164997383408913e-02	1.000412e+01	5.015377e+00
6.180856114414366e-02	1.023815e+01	5.015299e+00
6.199912955149536e-02	1.049109e+01	5.015377e+00
6.220050043113257e-02	1.070577e+01	5.015298e+00
6.249346918113257e-02	1.090624e+01	5.015377e+00
6.274757261150209e-02	1.097384e+01	5.015298e+00
6.291512185844070e-02	1.097183e+01	5.015376e+00
6.307270989650811e-02	1.094843e+01	5.015298e+00
6.319093732884945e-02	1.092416e+01	5.015376e+00
6.324977230193041e-02	1.091129e+01	5.015298e+00
6.330704102280825e-02	1.089861e+01	5.015376e+00
6.336136097530290e-02	1.088652e+01	5.015298e+00
6.343082256678707e-02	1.087102e+01	5.015376e+00
6.352581341099077e-02	1.084980e+01	5.015298e+00
6.366918023692014e-02	1.081778e+01	5.015376e+00
6.394033222509586e-02	1.075720e+01	5.015298e+00
6.423330097509586e-02	1.069175e+01	5.015376e+00
6.452626972509586e-02	1.062630e+01	5.015298e+00
6.481923847509585e-02	1.056085e+01	5.015376e+00
6.511220722509585e-02	1.049540e+01	5.015298e+00
6.540517597509585e-02	1.042995e+01	5.015376e+00
6.569814472509584e-02	1.036450e+01	5.015298e+00
6.599111347509584e-02	1.029904e+01	5.015376e+00
6.628408222509584e-02	1.023359e+01	5.015298e+00
6.657705097509584e-02	1.016814e+01	5.015376e+00
6.687001972509583e-02	1.010269e+01	5.015298e+00
6.716298847509583e-02	1.003724e+01	5.015376e+00
6.745595722509583e-02	9.971791e+00	5.015298e+00
6.774892597509583e-02	9.906341e+00	5.015376e+00
6.804189472509582e-02	9.840889e+00	5.015298e+00
6.833486347509582e-02	9.775438e+00	5.015376e+00
6.862783222509582e-02	9.709988e+00	5.015298e+00
6.892080097509581e-02	9.644537e+00	5.015376e+00
6.921376972509581e-02	9.579087e+00	5.015298e+00
6.933199074441977e-02	9.552713e+00	5.015376e+00
6.944381960417496e-02	9.529800e+00	5.015298e+00
6.949218105784299e-02	9.523573e+00	5.015376e+00
6.953786762104538e-02	9.525075e+00	5.015298e+00
6.959077656862728e-02	9.540566e+00	5.015377e+00
6.965742683489223e-02	9.582719e+00	5.015299e+00
6.971888230511987e-02	9.641274e+00	5.015377e+00
6.983019398752902e-02	9.779338e+00	5.015299e+00
6.998573709262632e-02	1.000596e+01	5.015377e+00
7.017800403424727e-02	1.028779e+01	5.015299e+00
7.035751249391606e-02	1.052057e+01	5.015377e+00
7.057917719542288e-02	1.074541e+01	5.015299e+00
7.087214594542288e-02	1.092522e+01	5.015377e+00
7.114653175865288e-02	1.097731e+01	5.015298e+00
7.131104431617265e-02	1.096480e+01	5.015376e+00
7.145312876655709e-02	1.093949e+01	5.015298e+00
7.150800383800285e-02	1.092793e+01	5.015376e+00
7.155146117795831e-02	1.091850e+01	5.015298e+00
7.158891265034847e-02	1.091027e+01	5.015376e+00
7.163065428650359e-02	1.090103e+01	5.015298e+00
7.167040236466971e-02	1.089219e+01	5.015376e+00
7.171120854227042e-02	1.088309e+01	5.015298e+00
7.176021164905304e-02	1.087215e+01	5.015376e+00
7.181999568588858e-02	1.085880e+01	5.015298e+00
7.190101008355658e-02	1.084070e+01	5.015376e+00
7.202292938194199e-02	1.081347e+01	5.015298e+00
7.224593550382501e-02	1.076365e+01	5.015376e+00
7.253890425382500e-02	1.069820e+01	5.015298e+00
7.283187300382500e-02	1.063275e+01	5.015376e+00
7.312484175382500e-02	1.056729e+01	5.015298e+00
7.341781050382500e-02	1.050184e+01	5.015376e+00
7.371077925382499e-02	1.043639e+01	5.015298e+00
7.400374800382499e-02	1.037094e+01	5.015376e+00
7.429671675382499e-02	1.030549e+01	5.015298e+00
7.458968550382498e-02	1.024004e+01	5.015376e+00
7.488265425382498e-02	1.017459e+01	5.015298e+00
7.517562300382498e-02	1.010914e+01	5.015376e+00
7.546859175382498e-02	1.004369e+01	5.015298e+00
7.576156050382497e-02	9.978237e+00	5.015376e+00
7.605452925382497e-02	9.912786e+00	5.015298e+00
7.634749800382497e-02	9.847336e+00	5.015376e+00
7.664046675382497e-02	9.781885e+00	5.015298e+00
7.693343550382496e-02	9.716434e+00	5.015376e+00
7.722640425382496e-02	9.650984e+00	5.015298e+00
7.751937300382496e-02	9.585533e+00	5.015376e+00
7.769930064357959e-02	9.545534e+00	5.015298e+00
7.777738818321192e-02	9.529657e+00	5.015376e+00
7.783022538137886e-02	9.523304e+00	5.015298e+00
7.787849071659185e-02	9.526294e+00	5.015376e+00
7.793492923507345e-02	9.545742e+00	5.015298e+00
7.799604850508780e-02	9.587148e+00	5.015377e+00
7.806506151754961e-02	9.655416e+00	5.015299e+00
7.817779285717294e-02	9.799204e+00	5.015377e+00
7.833642687401296e-02	1.003210e+01	5.015299e+00
7.851274089762568e-02	1.029016e+01	5.015377e+00
7.869871412344717e-02	1.052993e+01	5.015299e+00
7.892255246281464e-02	1.075385e+01	5.015377e+00
7.921552121281464e-02	1.092903e+01	5.015298e+00
7.949621569407384e-02	1.097748e+01	5.015376e+00
7.966847503137413e-02	1.096156e+01	5.015298e+00
7.979232183297144e-02	1.093854e+01	5.015376e+00
7.986317540905512e-02	1.092349e+01	5.015298e+00
7.990397528701416e-02	1.091457e+01	5.015376e+00
7.994770031662736e-02	1.090491e+01	5.015298e+00
7.999556362329951e-02	1.089428e+01	5.015376e+00
8.004916428466623e-02	1.088233e+01	5.015298e+00
8.011346952533778e-02	1.086798e+01	5.015376e+00
8.019903063618482e-02	1.084887e+01	5.015298e+00
8.032690620947693e-02	1.082030e+01	5.015376e+00
8.056101142431242e-02	1.076800e+01	5.015298e+00
8.085398017431242e-02	1.070255e+01	5.015376e+00
8.114694892431241e-02	1.063710e+01	5.015298e+00
8.143991767431241e-02	1.057165e+01	5.015376e+00
8.173288642431241e-02	1.050620e+01	5.015298e+00
8.202585517431241e-02	1.044075e+01	5.015376e+00
8.231882392431240e-02	1.037530e+01	5.015298e+00
8.261179267431240e-02	1.030984e+01	5.015376e+00
8.290476142431240e-02	1.024439e+01	5.015298e+00
8.319773017431240e-02	1.017894e+01	5.015376e+00
8.349069892431239e-02	1.011349e+01	5.015298e+00
8.378366767431239e-02	1.004804e+01	5.015376e+00
8.407663642431239e-02	9.982592e+00	5.015298e+00
8.436960517431238e-02	9.917140e+00	5.015376e+00
8.466257392431238e-02	9.851689e+00	5.015298e+00
8.495554267431238e-02	9.786239e+00	5.015376e+00
8.524851142431238e-02	9.720788e+00	5.015298e+00
8.554148017431237e-02	9.655337e+00	5.015376e+00
8.583444892431237e-02	9.589887e+00	5.015298e+00
8.597992928681678e-02	9.557407e+00	5.015376e+00
8.607068343231006e-02	9.537571e+00	5.015298e+00
8.611652643023159e-02	9.528621e+00	5.015376e+00
8.615011643318669e-02	9.523960e+00	5.015298e+00
8.618332400140433e-02	9.522791e+00	5.015376e+00
8.622964658639042e-02	9.530052e+00	5.015298e+00
8.628320743758852e-02	9.553671e+00	5.015377e+00
8.634152634929193e-02	9.597466e+00	5.015299e+00
8.641934079329627e-02	9.679472e+00	5.015377e+00
8.656160789706149e-02	9.870617e+00	5.015299e+00
8.670106355476756e-02	1.007936e+01	5.015377e+00
8.687351914196108e-02	1.032828e+01	5.015299e+00
8.705736813902594e-02	1.055901e+01	5.015377e+00
8.732772908150080e-02	1.080927e+01	5.015299e+00
8.758906166964493e-02	1.094273e+01	5.015376e+00
8.788203041964493e-02	1.097621e+01	5.015298e+00
8.802810373718954e-02	1.095771e+01	5.015376e+00
8.816906401745910e-02	1.093009e+01	5.015298e+00
8.820872995856618e-02	1.092151e+01	5.015376e+00
8.824242776103981e-02	1.091412e+01	5.015298e+00
8.827797885283195e-02	1.090627e+01	5.015376e+00
8.831056238638020e-02	1.089903e+01	5.015298e+00
8.834156260592931e-02	1.089213e+01	5.015376e+00
8.837082194973146e-02	1.088561e+01	5.015298e+00
8.840171196488285e-02	1.087872e+01	5.015376e+00
8.842997389641911e-02	1.087241e+01	5.015298e+00
8.846422497908506e-02	1.086476e+01	5.015376e+00
8.850205488599992e-02	1.085631e+01	5.015298e+00
8.855046532526380e-02	1.084550e+01	5.015376e+00
8.861233469884197e-02	1.083167e+01	5.015298e+00
8.870330930341727e-02	1.081135e+01	5.015376e+00
8.885569611243634e-02	1.077731e+01	5.015298e+00
8.914866486243633e-02	1.071185e+01	5.015376e+00
8.944163361243633e-02	1.064640e+01	5.015298e+00
8.973460236243633e-02	1.058095e+01	5.015376e+00
9.002757111243632e-02	1.051550e+01	5.015298e+00
9.032053986243632e-02	1.045005e+01	5.015376e+00
9.061350861243632e-02	1.038460e+01	5.015298e+00
9.090647736243632e-02	1.031915e+01	5.015376e+00
9.119944611243631e-02	1.025370e+01	5.015298e+00
9.149241486243631e-02	1.018825e+01	5.015376e+00
9.178538361243631e-02	1.012280e+01	5.015298e+00
9.207835236243631e-02	1.005735e+01	5.015376e+00
9.237132111243630e-02	9.991896e+00	5.015298e+00
9.266428986243630e-02	9.926445e+00	5.015376e+00
9.295725861243630e-02	9.860994e+00	5.015298e+00
9.325022736243629e-02	9.795544e+00	5.015376e+00
9.354319611243629e-02	9.730093e+00	5.015298e+00
9.383616486243629e-02	9.664641e+00	5.015376e+00
9.412913361243629e-02	9.599191e+00	5.015298e+00
9.429087991935457e-02	9.563066e+00	5.015376e+00
9.440159305669263e-02	9.538802e+00	5.015298e+00
9.445459098641526e-02	9.528607e+00	5.015376e+00
9.449269418165582e-02	9.524014e+00	5.015298e+00
9.452871473071724e-02	9.524333e+00	5.015376e+00
9.458396484036548e-02	9.537986e+00	5.015299e+00
9.464328211968256e-02	9.572074e+00	5.015376e+00
9.470595966992087e-02	9.627866e+00	5.015299e+00
9.479929700295461e-02	9.738235e+00	5.015377e+00
9.498597166902209e-02	1.000482e+01	5.015299e+00
9.517273126797972e-02	1.027991e+01	5.015377e+00
9.536150593399242e-02	1.052499e+01	5.015299e+00
9.556821204013212e-02	1.073601e+01	5.015376e+00
9.586118079013212e-02	1.092092e+01	5.015299e+00
9.612867754187275e-02	1.097681e+01	5.015376e+00
9.631160005251793e-02	1.096482e+01	5.015298e+00
9.643084408879200e-02	1.094386e+01	5.015376e+00
9.651978340409602e-02	1.092530e+01	5.015298e+00
9.655925344331132e-02	1.091670e+01	5.015376e+00
9.660616143040761e-02	1.090636e+01	5.015298e+00
9.665330788709707e-02	1.089590e+01	5.015376e+00
9.670504221664929e-02	1.088437e+01	5.015298e+00
9.676641123800328e-02	1.087068e+01	5.015376e+00
9.684672341274203e-02	1.085274e+01	5.015298e+00
9.696338753828937e-02	1.082668e+01	5.015376e+00
9.716714973608474e-02	1.078116e+01	5.015298e+00
9.746011848608474e-02	1.071571e+01	5.015376e+00
9.775308723608474e-02	1.065026e+01	5.015298e+00
9.804605598608473e-02	1.058480e+01	5.015376e+00
9.833902473608473e-02	1.051935e+01	5.015298e+00
9.863199348608473e-02	1.045390e+01	5.015376e+00
9.892496223608473e-02	1.038845e+01	5.015298e+00
9.921793098608472e-02	1.032300e+01	5.015376e+00
9.951089973608472e-02	1.025755e+01	5.015298e+00
9.980386848608472e-02	1.019210e+01	5.015376e+00
1.000968372360847e-01	1.012665e+01	5.015298e+00
1.003898059860847e-01	1.006120e+01	5.015376e+00
1.006827747360847e-01	9.995747e+00	5.015298e+00
1.009757434860847e-01	9.930296e+00	5.015376e+00
1.012687122360847e-01	9.864845e+00	5.015298e+00
1.015616809860847e-01	9.799395e+00	5.015376e+00
1.018546497360847e-01	9.733944e+00	5.015298e+00
1.021476184860847e-01	9.668493e+00	5.015376e+00
1.024405872360847e-01	9.603043e+00	5.015298e+00
1.025837930938728e-01	9.571052e+00	5.015376e+00
1.026763222404328e-01	9.550426e+00	5.015298e+00
1.027220030793241e-01	9.540372e+00	5.015376e+00
1.027529602805044e-01	9.533812e+00	5.015298e+00
1.027776564575995e-01	9.529000e+00	5.015376e+00
1.028029248482272e-01	9.524935e+00	5.015298e+00
1.028301161580585e-01	9.522325e+00	5.015376e+00
1.028672540650660e-01	9.523545e+00	5.015299e+00
1.029182069747530e-01	9.537168e+00	5.015376e+00
1.029752101289732e-01	9.570094e+00	5.015299e+00
1.030383995539682e-01	9.626214e+00	5.015377e+00
1.031349726952468e-01	9.740761e+00	5.015299e+00
1.033281189778040e-01	1.001754e+01	5.015377e+00
1.035057517832384e-01	1.027943e+01	5.015299e+00
1.037032287722367e-01	1.053470e+01	5.015377e+00
1.039032274982667e-01	1.073745e+01	5.015299e+00
1.041961962482667e-01	1.092160e+01	5.015376e+00
1.044647498483599e-01	1.097691e+01	5.015299e+00
1.046433882250097e-01	1.096499e+01	5.015376e+00
1.047680739424905e-01	1.094308e+01	5.015298e+00
1.048506289508922e-01	1.092582e+01	5.015376e+00
1.048840289672977e-01	1.091856e+01	5.015298e+00
1.049262846376507e-01	1.090927e+01	5.015376e+00
1.049681568375760e-01	1.089999e+01	5.015298e+00
1.050102657556419e-01	1.089062e+01	5.015376e+00
1.050582504571674e-01	1.087992e+01	5.015298e+00
1.051149143438094e-01	1.086727e+01	5.015376e+00
1.051890157835982e-01	1.085072e+01	5.015298e+00
1.052954736930323e-01	1.082694e+01	5.015376e+00
1.054752653656047e-01	1.078677e+01	5.015298e+00
1.057682341156047e-01	1.072132e+01	5.015376e+00
1.060612028656047e-01	1.065587e+01	5.015298e+00
1.063541716156047e-01	1.059042e+01	5.015376e+00
1.066471403656047e-01	1.052497e+01	5.015298e+00
1.069401091156047e-01	1.045952e+01	5.015376e+00
1.072330778656047e-01	1.039406e+01	5.015298e+00
1.075260466156047e-01	1.032861e+01	5.015376e+00
1.078190153656047e-01	1.026316e+01	5.015298e+00
1.081119841156047e-01	1.019771e+01	5.015376e+00
1.084049528656047e-01	1.013226e+01	5.015298e+00
1.086979216156047e-01	1.006681e+01	5.015376e+00
1.089908903656047e-01	1.000136e+01	5.015298e+00
1.092838591156047e-01	9.935909e+00	5.015376e+00
1.095768278656047e-01	9.870459e+00	5.015298e+00
1.098697966156047e-01	9.805008e+00	5.015376e+00
1.101627653656047e-01	9.739557e+00	5.015298e+00
1.104557341156047e-01	9.674107e+00	5.015376e+00
1.107487028656046e-01	9.608656e+00	5.015298e+00
1.110416716156046e-01	9.543650e+00	5.015376e+00
1.111709930459254e-01	9.527014e+00	5.015299e+00
1.112513465909354e-01	9.541690e+00	5.015376e+00
1.113289202516603e-01	9.589439e+00	5.015299e+00
1.114085918447707e-01	9.668794e+00	5.015377e+00
1.114924729568405e-01	9.775243e+00	5.015299e+00
1.116602351809802e-01	1.001812e+01	5.015377e+00
1.118133825177403e-01	1.024447e+01	5.015299e+00
1.120001831888428e-01	1.049218e+01	5.015377e+00
1.122252008157742e-01	1.072769e+01	5.015299e+00
1.124836990614606e-01	1.090170e+01	5.015376e+00
1.127439411787474e-01	1.097348e+01	5.015299e+00
1.129842790208661e-01	1.096506e+01	5.015376e+00
1.130960802317031e-01	1.094515e+01	5.015299e+00
1.132138934683715e-01	1.092043e+01	5.015376e+00
1.132945027116293e-01	1.090267e+01	5.015299e+00
1.133753917228854e-01	1.088467e+01	5.015376e+00
1.134715077005172e-01	1.086322e+01	5.015299e+00
1.136254449106686e-01	1.082883e+01	5.015376e+00
1.139080515138498e-01	1.076569e+01	5.015299e+00
1.142010202638498e-01	1.070024e+01	5.015376e+00
1.144939890138498e-01	1.063479e+01	5.015299e+00
1.147869577638498e-01	1.056934e+01	5.015376e+00
1.150799265138498e-01	1.050389e+01	5.015299e+00
1.153728952638498e-01	1.043844e+01	5.015376e+00
1.156658640138498e-01	1.037299e+01	5.015299e+00
1.159588327638498e-01	1.030754e+01	5.015376e+00
1.162518015138498e-01	1.024209e+01	5.015299e+00
1.165447702638498e-01	1.017664e+01	5.015376e+00
1.168377390138498e-01	1.011119e+01	5.015299e+00
1.171307077638498e-01	1.004574e+01	5.015376e+00
1.174236765138498e-01	9.980285e+00	5.015299e+00
1.177166452638498e-01	9.914834e+00	5.015376e+00
1.180096140138498e-01	9.849383e+00	5.015299e+00
1.183025827638498e-01	9.783933e+00	5.015376e+00
1.185955515138498e-01	9.718482e+00	5.015299e+00
1.188885202638498e-01	9.653031e+00	5.015376e+00
1.191814890138498e-01	9.587581e+00	5.015299e+00
1.193490326990639e-01	9.550247e+00	5.015376e+00
1.194265855000495e-01	9.533775e+00	5.015299e+00
1.194772766248821e-01	9.525590e+00	5.015376e+00
1.195229500962965e-01	9.524186e+00	5.015299e+00
1.195642410765441e-01	9.531333e+00	5.015376e+00
1.196167587370090e-01	9.554570e+00	5.015299e+00
1.196753072842981e-01	9.598481e+00	5.015376e+00
1.197548514856775e-01	9.682487e+00	5.015299e+00
1.198932656164045e-01	9.868564e+00	5.015377e+00
1.200338904912443e-01	1.007878e+01	5.015299e+00
1.202075441825028e-01	1.032928e+01	5.015377e+00
1.203910960436449e-01	1.055947e+01	5.015299e+00
1.206628940420595e-01	1.081057e+01	5.015376e+00
1.209210610145993e-01	1.094230e+01	5.015299e+00
1.212140297645993e-01	1.097627e+01	5.015376e+00
1.213618412630299e-01	1.095763e+01	5.015299e+00
1.215028361146745e-01	1.093000e+01	5.015376e+00
1.215453535504030e-01	1.092079e+01	5.015299e+00
1.215790926178448e-01	1.091339e+01	5.015376e+00
1.216140789506148e-01	1.090565e+01	5.015299e+00
1.216469271334931e-01	1.089836e+01	5.015376e+00
1.216774541046488e-01	1.089156e+01	5.015299e+00
1.217100724020320e-01	1.088429e+01	5.015376e+00
1.217395145171388e-01	1.087772e+01	5.015299e+00
1.217716751021148e-01	1.087054e+01	5.015376e+00
1.218059088805432e-01	1.086289e+01	5.015299e+00
1.218489464791044e-01	1.085328e+01	5.015376e+00
1.219013040266565e-01	1.084158e+01	5.015299e+00
1.219739656032499e-01	1.082535e+01	5.015376e+00
1.220837599087267e-01	1.080082e+01	5.015299e+00
1.222864476275106e-01	1.075554e+01	5.015376e+00
1.225794163775106e-01	1.069009e+01	5.015299e+00
1.228723851275106e-01	1.062464e+01	5.015376e+00
1.231653538775106e-01	1.055919e+01	5.015299e+00
1.234583226275106e-01	1.049374e+01	5.015376e+00
1.237512913775106e-01	1.042829e+01	5.015299e+00
1.240442601275106e-01	1.036283e+01	5.015376e+00
1.243372288775106e-01	1.029738e+01	5.015299e+00
1.246301976275106e-01	1.023193e+01	5.015376e+00
1.249231663775106e-01	1.016648e+01	5.015299e+00
1.252161351275106e-01	1.010103e+01	5.015376e+00
1.255091038775106e-01	1.003558e+01	5.015299e+00
1.258020726275106e-01	9.970130e+00	5.015376e+00
1.260950413775106e-01	9.904679e+00	5.015299e+00
1.263880101275106e-01	9.839229e+00	5.015376e+00
1.266809788775106e-01	9.773778e+00	5.015299e+00
1.269739476275107e-01	9.708327e+00	5.015376e+00
1.272669163775107e-01	9.642877e+00	5.015299e+00
1.275598851275107e-01	9.577427e+00	5.015376e+00
1.276866805829908e-01	9.549189e+00	5.015299e+00
1.277811755153913e-01	9.530100e+00	5.015376e+00
1.278258040593565e-01	9.524458e+00	5.015299e+00
1.278678926908306e-01	9.525416e+00	5.015376e+00
1.279209518446105e-01	9.539867e+00	5.015299e+00
1.279867049850054e-01	9.580014e+00	5.015376e+00
1.280471904779108e-01	9.636325e+00	5.015299e+00
1.281533982078414e-01	9.765860e+00	5.015377e+00
1.283141409981963e-01	9.998447e+00	5.015299e+00
1.285041949222129e-01	1.027776e+01	5.015377e+00
1.286858052314833e-01	1.051458e+01	5.015299e+00
1.289017573702762e-01	1.073624e+01	5.015376e+00
1.291947261202762e-01	1.092099e+01	5.015299e+00
1.294623560661452e-01	1.097683e+01	5.015376e+00
1.296319326653946e-01	1.096640e+01	5.015299e+00
1.297712514474252e-01	1.094240e+01	5.015376e+00
1.298382697394775e-01	1.092841e+01	5.015299e+00
1.298816684361868e-01	1.091900e+01	5.015376e+00
1.299186973202086e-01	1.091087e+01	5.015299e+00
1.299607747979564e-01	1.090156e+01	5.015376e+00
1.299990611230258e-01	1.089304e+01	5.015299e+00
1.300372014747530e-01	1.088454e+01	5.015376e+00
1.300827109379932e-01	1.087439e+01	5.015299e+00
1.301367059296859e-01	1.086233e+01	5.015376e+00
1.302078982987024e-01	1.084643e+01	5.015299e+00
1.303095834244038e-01	1.082371e+01	5.015376e+00
1.304812751034732e-01	1.078536e+01	5.015299e+00
1.307742438534732e-01	1.071990e+01	5.015376e+00
1.310672126034732e-01	1.065445e+01	5.015299e+00
1.313601813534732e-01	1.058900e+01	5.015376e+00
1.316531501034732e-01	1.052355e+01	5.015299e+00
1.319461188534732e-01	1.045810e+01	5.015376e+00
1.322390876034732e-01	1.039265e+01	5.015299e+00
1.325320563534732e-01	1.032720e+01	5.015376e+00
1.328250251034732e-01	1.026175e+01	5.015299e+00
1.331179938534733e-01	1.019630e+01	5.015376e+00
1.334109626034733e-01	1.013085e+01	5.015299e+00
1.337039313534733e-01	1.006540e+01	5.015376e+00
1.339969001034733e-01	9.999947e+00	5.015299e+00
1.342898688534733e-01	9.934496e+00	5.015376e+00
1.345828376034733e-01	9.869045e+00	5.015299e+00
1.348758063534733e-01	9.803595e+00	5.015376e+00
1.351687751034733e-01	9.738143e+00	5.015299e+00
1.354617438534733e-01	9.672692e+00	5.015376e+00
1.357547126034734e-01	9.607242e+00	5.015299e+00
1.358782909600396e-01	9.579634e+00	5.015376e+00
1.359882086030191e-01	9.555101e+00	5.015299e+00
1.360365813193762e-01	9.544373e+00	5.015376e+00
1.360694988667485e-01	9.537223e+00	5.015299e+00
1.360932433986620e-01	9.532294e+00	5.015376e+00
1.361179784931905e-01	9.527656e+00	5.015299e+00
1.361422012328875e-01	9.524063e+00	5.015376e+00
1.361711689900783e-01	9.521955e+00	5.015299e+00
1.362132757495371e-01	9.525478e+00	5.015376e+00
1.362633055041373e-01	9.542370e+00	5.015299e+00
1.363205644252989e-01	9.579247e+00	5.015376e+00
1.363883762640272e-01	9.643788e+00	5.015299e+00
1.364994260621389e-01	9.782572e+00	5.015376e+00
1.366568228389538e-01	1.001242e+01	5.015299e+00
1.368506439853340e-01	1.029605e+01	5.015376e+00
1.370283627156525e-01	1.052547e+01	5.015299e+00
1.372552008383458e-01	1.075321e+01	5.015376e+00
1.375424608966793e-01	1.092660e+01	5.015299e+00
1.378191387255552e-01	1.097738e+01	5.015376e+00
1.379880259461600e-01	1.096342e+01	5.015299e+00
1.381208355919201e-01	1.093933e+01	5.015376e+00
1.381854479623988e-01	1.092567e+01	5.015299e+00
1.382197003606161e-01	1.091822e+01	5.015376e+00
1.382552078678534e-01	1.091041e+01	5.015299e+00
1.382901534900141e-01	1.090268e+01	5.015376e+00
1.383280571181243e-01	1.089425e+01	5.015299e+00
1.383628703719828e-01	1.088650e+01	5.015376e+00
1.383976745313139e-01	1.087873e+01	5.015299e+00
1.384399620339971e-01	1.086929e+01	5.015376e+00
1.384896016315001e-01	1.085820e+01	5.015299e+00
1.385550618626965e-01	1.084358e+01	5.015376e+00
1.386468241391249e-01	1.082308e+01	5.015299e+00
1.387982162591526e-01	1.078926e+01	5.015376e+00
1.390911850091526e-01	1.072381e+01	5.015299e+00
1.393841537591526e-01	1.065836e+01	5.015376e+00
1.396771225091526e-01	1.059291e+01	5.015299e+00
1.399700912591526e-01	1.052746e+01	5.015376e+00
1.402630600091526e-01	1.046201e+01	5.015299e+00
1.405560287591527e-01	1.039655e+01	5.015376e+00
1.408489975091527e-01	1.033110e+01	5.015299e+00
1.411419662591527e-01	1.026565e+01	5.015376e+00
1.414349350091527e-01	1.020020e+01	5.015299e+00
1.417279037591527e-01	1.013475e+01	5.015376e+00
1.420208725091527e-01	1.006930e+01	5.015299e+00
1.423138412591527e-01	1.000385e+01	5.015376e+00
1.426068100091527e-01	9.938399e+00	5.015299e+00
1.428997787591527e-01	9.872949e+00	5.015376e+00
1.431927475091528e-01	9.807498e+00	5.015299e+00
1.434857162591528e-01	9.742047e+00	5.015376e+00
1.437786850091528e-01	9.676597e+00	5.015299e+00
1.440716537591528e-01	9.611146e+00	5.015376e+00
1.443646225091528e-01	9.545996e+00	5.015299e+00
1.444925547462909e-01	9.526703e+00	5.015376e+00
1.445702506223533e-01	9.535926e+00	5.015299e+00
1.446453946014034e-01	9.575840e+00	5.015376e+00
1.447194458812924e-01	9.643543e+00	5.015299e+00
1.447958633750882e-01	9.735135e+00	5.015376e+00
1.449486983626798e-01	9.951077e+00	5.015299e+00
1.450820004383739e-01	1.015082e+01	5.015376e+00
1.452710048346468e-01	1.041384e+01	5.015299e+00
1.454758350233221e-01	1.064991e+01	5.015376e+00
1.457315188508768e-01	1.085583e+01	5.015299e+00
1.460244876008768e-01	1.096692e+01	5.015376e+00
1.463111242387121e-01	1.096743e+01	5.015299e+00
1.464081179139899e-01	1.095056e+01	5.015376e+00
1.465243303591114e-01	1.092660e+01	5.015299e+00
1.465994586603485e-01	1.091014e+01	5.015376e+00
1.466766755110410e-01	1.089300e+01	5.015299e+00
1.467606705715654e-01	1.087426e+01	5.015376e+00
1.468838467805633e-01	1.084675e+01	5.015299e+00
1.470846327940256e-01	1.080190e+01	5.015376e+00
1.473776015440256e-01	1.073644e+01	5.015299e+00
1.476705702940256e-01	1.067099e+01	5.015376e+00
1.479635390440256e-01	1.060554e+01	5.015299e+00
1.482565077940256e-01	1.054009e+01	5.015376e+00
1.485494765440256e-01	1.047464e+01	5.015299e+00
1.488424452940256e-01	1.040919e+01	5.015376e+00
1.491354140440256e-01	1.034374e+01	5.015299e+00
1.494283827940256e-01	1.027829e+01	5.015376e+00
1.497213515440257e-01	1.021284e+01	5.015299e+00
1.500143202940257e-01	1.014739e+01	5.015376e+00
1.503072890440257e-01	1.008194e+01	5.015299e+00
1.506002577940257e-01	1.001649e+01	5.015376e+00
1.508932265440257e-01	9.951035e+00	5.015299e+00
1.511861952940257e-01	9.885584e+00	5.015376e+00
1.514791640440257e-01	9.820133e+00	5.015299e+00
1.517721327940257e-01	9.754683e+00	5.015376e+00
1.520651015440257e-01	9.689232e+00	5.015299e+00
1.523580702940258e-01	9.623781e+00	5.015376e+00
1.526510390440258e-01	9.558379e+00	5.015299e+00
1.527761383091895e-01	9.532580e+00	5.015376e+00
1.528483213257010e-01	9.526320e+00	5.015299e+00
1.529184726560369e-01	9.541061e+00	5.015376e+00
1.529792614709400e-01	9.576118e+00	5.015299e+00
1.530452913656195e-01	9.635639e+00	5.015376e+00
1.531344878034722e-01	9.741837e+00	5.015299e+00
1.533128806791775e-01	9.996110e+00	5.015376e+00
1.534957180062735e-01	1.026577e+01	5.015299e+00
1.536866159652095e-01	1.051544e+01	5.015376e+00
1.538902841984874e-01	1.072626e+01	5.015299e+00
1.541832529484874e-01	1.091630e+01	5.015376e+00
1.544436743488005e-01	1.097596e+01	5.015299e+00
1.546263366515184e-01	1.096718e+01	5.015376e+00
1.547542251908118e-01	1.094566e+01	5.015299e+00
1.548493325460018e-01	1.092596e+01	5.015376e+00
1.548799158366377e-01	1.091932e+01	5.015299e+00
1.549189275764040e-01	1.091075e+01	5.015376e+00
1.549591144720426e-01	1.090186e+01	5.015299e+00
1.549954231134369e-01	1.089379e+01	5.015376e+00
1.550362155902718e-01	1.088470e+01	5.015299e+00
1.550809316496530e-01	1.087472e+01	5.015376e+00
1.551365182611796e-01	1.086231e+01	5.015299e+00
1.552079077007835e-01	1.084636e+01	5.015376e+00
1.553117002742485e-01	1.082317e+01	5.015299e+00
1.554874526703193e-01	1.078391e+01	5.015376e+00
1.557804214203193e-01	1.071846e+01	5.015299e+00
1.560733901703193e-01	1.065301e+01	5.015376e+00
1.563663589203193e-01	1.058756e+01	5.015299e+00
1.566593276703193e-01	1.052211e+01	5.015376e+00
1.569522964203194e-01	1.045666e+01	5.015299e+00
1.572452651703194e-01	1.039120e+01	5.015376e+00
1.575382339203194e-01	1.032575e+01	5.015299e+00
1.578312026703194e-01	1.026030e+01	5.015376e+00
1.581241714203194e-01	1.019485e+01	5.015299e+00
1.584171401703194e-01	1.012940e+01	5.015376e+00
1.587101089203194e-01	1.006395e+01	5.015299e+00
1.590030776703194e-01	9.998500e+00	5.015376e+00
1.592960464203194e-01	9.933049e+00	5.015299e+00
1.595890151703195e-01	9.867599e+00	5.015376e+00
1.598819839203195e-01	9.802148e+00	5.015299e+00
1.601749526703195e-01	9.736697e+00	5.015376e+00
1.604679214203195e-01	9.671247e+00	5.015299e+00
1.607608901703195e-01	9.605795e+00	5.015376e+00
1.610538589203195e-01	9.541039e+00	5.015299e+00
1.611731028202974e-01	9.526475e+00	5.015376e+00
1.612609716727580e-01	9.545489e+00	5.015299e+00
1.613421462185770e-01	9.600465e+00	5.015376e+00
1.614190627826834e-01	9.680894e+00	5.015299e+00
1.615088059326332e-01	9.797630e+00	5.015376e+00
1.616882922325326e-01	1.005985e+01	5.015300e+00
1.618382632207762e-01	1.027947e+01	5.015376e+00
1.620237412676276e-01	1.052012e+01	5.015299e+00
1.622422366273446e-01	1.074238e+01	5.015376e+00
1.624762645949672e-01	1.089817e+01	5.015299e+00
1.627411777907715e-01	1.097326e+01	5.015376e+00
1.629842030599241e-01	1.096517e+01	5.015299e+00
1.630974828181753e-01	1.094497e+01	5.015376e+00
1.632163553937281e-01	1.092000e+01	5.015299e+00
1.632984305359952e-01	1.090191e+01	5.015376e+00
1.633806250203831e-01	1.088361e+01	5.015299e+00
1.634793162661991e-01	1.086158e+01	5.015376e+00
1.636398223172763e-01	1.082572e+01	5.015299e+00
1.639327910672763e-01	1.076027e+01	5.015376e+00
1.642257598172763e-01	1.069482e+01	5.015299e+00
1.645187285672763e-01	1.062937e+01	5.015376e+00
1.648116973172763e-01	1.056392e+01	5.015299e+00
1.651046660672763e-01	1.049847e+01	5.015376e+00
1.653976348172763e-01	1.043302e+01	5.015299e+00
1.656906035672764e-01	1.036757e+01	5.015376e+00
1.659835723172764e-01	1.030212e+01	5.015299e+00
1.662765410672764e-01	1.023667e+01	5.015376e+00
1.665695098172764e-01	1.017122e+01	5.015299e+00
1.668624785672764e-01	1.010577e+01	5.015376e+00
1.671554473172764e-01	1.004031e+01	5.015299e+00
1.674484160672764e-01	9.974863e+00	5.015376e+00
1.677413848172764e-01	9.909412e+00	5.015299e+00
1.680343535672764e-01	9.843962e+00	5.015376e+00
1.683273223172765e-01	9.778511e+00	5.015299e+00
1.686202910672765e-01	9.713060e+00	5.015376e+00
1.689132598172765e-01	9.647610e+00	5.015299e+00
1.692062285672765e-01	9.582159e+00	5.015376e+00
1.693594211638890e-01	9.548067e+00	5.015299e+00
1.694439822843879e-01	9.530812e+00	5.015376e+00
1.694904153590010e-01	9.524645e+00	5.015299e+00
1.695353295177180e-01	9.525602e+00	5.015376e+00
1.695854732070386e-01	9.539023e+00	5.015299e+00
1.696520113615052e-01	9.578987e+00	5.015376e+00
1.697130965108301e-01	9.635544e+00	5.015299e+00
1.698145918947392e-01	9.758599e+00	5.015376e+00
1.699833109400078e-01	1.000189e+01	5.015300e+00
1.701727816488753e-01	1.028035e+01	5.015376e+00
1.703558923583894e-01	1.051858e+01	5.015299e+00
1.705704388613845e-01	1.073796e+01	5.015376e+00
1.708634076113845e-01	1.092181e+01	5.015299e+00
1.711323034327511e-01	1.097694e+01	5.015376e+00
1.713067680732936e-01	1.096539e+01	5.015299e+00
1.714378129333591e-01	1.094246e+01	5.015376e+00
1.715134348847711e-01	1.092663e+01	5.015299e+00
1.715469362691411e-01	1.091936e+01	5.015376e+00
1.715824234664245e-01	1.091157e+01	5.015299e+00
1.716177882593994e-01	1.090375e+01	5.015376e+00
1.716514837789782e-01	1.089626e+01	5.015299e+00
1.716853080452385e-01	1.088873e+01	5.015376e+00
1.717179040324413e-01	1.088146e+01	5.015299e+00
1.717568296498501e-01	1.087277e+01	5.015376e+00
1.718005176972378e-01	1.086302e+01	5.015299e+00
1.718564259559218e-01	1.085053e+01	5.015376e+00
1.719301123978323e-01	1.083407e+01	5.015299e+00
1.720419817909905e-01	1.080908e+01	5.015376e+00
1.722429777451964e-01	1.076417e+01	5.015299e+00
1.725359464951964e-01	1.069872e+01	5.015376e+00
1.728289152451964e-01	1.063327e+01	5.015299e+00
1.731218839951964e-01	1.056782e+01	5.015376e+00
1.734148527451964e-01	1.050237e+01	5.015299e+00
1.737078214951964e-01	1.043692e+01	5.015376e+00
1.740007902451964e-01	1.037147e+01	5.015299e+00
1.742937589951964e-01	1.030602e+01	5.015376e+00
1.745867277451965e-01	1.024057e+01	5.015299e+00
1.748796964951965e-01	1.017511e+01	5.015376e+00
1.751726652451965e-01	1.010966e+01	5.015299e+00
1.754656339951965e-01	1.004421e+01	5.015376e+00
1.757586027451965e-01	9.978762e+00	5.015299e+00
1.760515714951965e-01	9.913311e+00	5.015376e+00
1.763445402451965e-01	9.847860e+00	5.015299e+00
1.766375089951965e-01	9.782410e+00	5.015376e+00
1.769304777451965e-01	9.716959e+00	5.015299e+00
1.772234464951966e-01	9.651508e+00	5.015376e+00
1.775164152451966e-01	9.586058e+00	5.015299e+00
1.776664831614488e-01	9.552580e+00	5.015376e+00
1.777762350935211e-01	9.530035e+00	5.015299e+00
1.778272483108492e-01	9.523590e+00	5.015376e+00
1.778750827527281e-01	9.525805e+00	5.015299e+00
1.779295490124418e-01	9.543190e+00	5.015376e+00
1.779955734864907e-01	9.586773e+00	5.015299e+00
1.780586697631567e-01	9.648381e+00	5.015376e+00
1.781777017584379e-01	9.798869e+00	5.015300e+00
1.783269589070389e-01	1.001806e+01	5.015376e+00
1.785228030806183e-01	1.030382e+01	5.015300e+00
1.786997470429186e-01	1.053106e+01	5.015376e+00
1.789292497620621e-01	1.075931e+01	5.015299e+00
1.792212452885962e-01	1.093109e+01	5.015376e+00
1.795055356285034e-01	1.097747e+01	5.015299e+00
1.796619476786230e-01	1.096248e+01	5.015376e+00
1.798260643793740e-01	1.093183e+01	5.015299e+00
1.798594179661582e-01	1.092465e+01	5.015376e+00
1.799022190140848e-01	1.091531e+01	5.015299e+00
1.799444079001451e-01	1.090599e+01	5.015376e+00
1.799845152030916e-01	1.089709e+01	5.015299e+00
1.800288436987192e-01	1.088721e+01	5.015376e+00
1.800785117908667e-01	1.087613e+01	5.015299e+00
1.801406467660366e-01	1.086226e+01	5.015376e+00
1.802234466916410e-01	1.084376e+01	5.015299e+00
1.803487764428198e-01	1.081576e+01	5.015376e+00
1.805789822420611e-01	1.076433e+01	5.015299e+00
1.808719509920611e-01	1.069888e+01	5.015376e+00
1.811649197420611e-01	1.063343e+01	5.015299e+00
1.814578884920611e-01	1.056798e+01	5.015376e+00
1.817508572420611e-01	1.050253e+01	5.015299e+00
1.820438259920611e-01	1.043708e+01	5.015376e+00
1.823367947420611e-01	1.037163e+01	5.015299e+00
1.826297634920611e-01	1.030618e+01	5.015376e+00
1.829227322420612e-01	1.024073e+01	5.015299e+00
1.832157009920612e-01	1.017528e+01	5.015376e+00
1.835086697420612e-01	1.010983e+01	5.015299e+00
1.838016384920612e-01	1.004437e+01	5.015376e+00
1.840946072420612e-01	9.978924e+00	5.015299e+00
1.843875759920612e-01	9.913473e+00	5.015376e+00
1.846805447420612e-01	9.848022e+00	5.015299e+00
1.849735134920612e-01	9.782572e+00	5.015376e+00
1.852664822420612e-01	9.717121e+00	5.015299e+00
1.855594509920613e-01	9.651670e+00	5.015376e+00
1.858524197420613e-01	9.586220e+00	5.015299e+00
1.860065584577402e-01	9.551847e+00	5.015376e+00
1.860910741431727e-01	9.533816e+00	5.015299e+00
1.861368115602053e-01	9.525997e+00	5.015376e+00
1.861749971682446e-01	9.523198e+00	5.015299e+00
1.862132053598035e-01	9.526595e+00	5.015376e+00
1.862643315954011e-01	9.543834e+00	5.015299e+00
1.863212691918046e-01	9.580592e+00	5.015376e+00
1.863898792317314e-01	9.646012e+00	5.015299e+00
1.864997174479997e-01	9.783377e+00	5.015376e+00
1.866582438607806e-01	1.001471e+01	5.015300e+00
1.868514364105814e-01	1.029723e+01	5.015376e+00
1.870296779022331e-01	1.052704e+01	5.015300e+00
1.872563171817445e-01	1.075415e+01	5.015376e+00
1.875434139730580e-01	1.092696e+01	5.015299e+00
1.878206905590291e-01	1.097740e+01	5.015376e+00
1.879903796908335e-01	1.096311e+01	5.015299e+00
1.881211798294017e-01	1.093928e+01	5.015376e+00
1.881874078712736e-01	1.092527e+01	5.015299e+00
1.882217435976073e-01	1.091780e+01	5.015376e+00
1.882596886329435e-01	1.090945e+01	5.015299e+00
1.882948596405496e-01	1.090165e+01	5.015375e+00
1.883320840658847e-01	1.089338e+01	5.015299e+00
1.883720562998123e-01	1.088447e+01	5.015375e+00
1.884153001930285e-01	1.087482e+01	5.015299e+00
1.884687286860769e-01	1.086289e+01	5.015375e+00
1.885367516064135e-01	1.084769e+01	5.015299e+00
1.886344954574846e-01	1.082586e+01	5.015375e+00
1.887959210064891e-01	1.078979e+01	5.015299e+00
1.890888897564892e-01	1.072434e+01	5.015375e+00
1.893818585064892e-01	1.065889e+01	5.015299e+00
1.896748272564892e-01	1.059344e+01	5.015375e+00
1.899677960064892e-01	1.052799e+01	5.015299e+00
1.902607647564892e-01	1.046254e+01	5.015375e+00
1.905537335064892e-01	1.039709e+01	5.015299e+00
1.908467022564892e-01	1.033164e+01	5.015375e+00
1.911396710064892e-01	1.026619e+01	5.015299e+00
1.914326397564892e-01	1.020074e+01	5.015375e+00
1.917256085064893e-01	1.013529e+01	5.015299e+00
1.920185772564893e-01	1.006984e+01	5.015375e+00
1.923115460064893e-01	1.000439e+01	5.015299e+00
1.926045147564893e-01	9.938934e+00	5.015375e+00
1.928974835064893e-01	9.873484e+00	5.015299e+00
1.931904522564893e-01	9.808033e+00	5.015375e+00
1.934834210064893e-01	9.742582e+00	5.015299e+00
1.937763897564893e-01	9.677132e+00	5.015375e+00
1.940693585064893e-01	9.611681e+00	5.015299e+00
1.943623272564894e-01	9.546506e+00	5.015375e+00
1.944909984704943e-01	9.526746e+00	5.015299e+00
1.945685231825291e-01	9.535353e+00	5.015376e+00
1.946434741001188e-01	9.574409e+00	5.015299e+00
1.947164399221621e-01	9.640336e+00	5.015376e+00
1.947922503180140e-01	9.730441e+00	5.015300e+00
1.949438711097178e-01	9.943880e+00	5.015376e+00
1.950767297002918e-01	1.014304e+01	5.015300e+00
1.952658715953016e-01	1.040717e+01	5.015376e+00
1.954683472999636e-01	1.064235e+01	5.015299e+00
1.957249094445469e-01	1.085181e+01	5.015376e+00
1.960178781945469e-01	1.096580e+01	5.015299e+00
1.963066179346833e-01	1.096805e+01	5.015376e+00
1.964002131840648e-01	1.095202e+01	5.015299e+00
1.965198766629102e-01	1.092753e+01	5.015375e+00
1.965934736932231e-01	1.091143e+01	5.015299e+00
1.966698748467680e-01	1.089448e+01	5.015375e+00
1.967511654306110e-01	1.087635e+01	5.015299e+00
1.968682584076763e-01	1.085020e+01	5.015375e+00
1.970543025257607e-01	1.080864e+01	5.015299e+00
1.973472712757607e-01	1.074319e+01	5.015375e+00
1.976402400257607e-01	1.067773e+01	5.015299e+00
1.979332087757608e-01	1.061228e+01	5.015375e+00
1.982261775257608e-01	1.054683e+01	5.015299e+00
1.985191462757608e-01	1.048138e+01	5.015375e+00
1.988121150257608e-01	1.041593e+01	5.015299e+00
1.991050837757608e-01	1.035048e+01	5.015375e+00
1.993980525257608e-01	1.028503e+01	5.015299e+00
1.996910212757608e-01	1.021958e+01	5.015375e+00
1.999839900257608e-01	1.015413e+01	5.015299e+00
2.002769587757608e-01	1.008868e+01	5.015375e+00
2.005699275257609e-01	1.002323e+01	5.015299e+00
2.008628962757609e-01	9.957776e+00	5.015375e+00
2.011558650257609e-01	9.892325e+00	5.015299e+00
2.014488337757609e-01	9.826875e+00	5.015375e+00
2.017418025257609e-01	9.761424e+00	5.015299e+00
2.020347712757609e-01	9.695973e+00	5.015375e+00
2.023277400257609e-01	9.630522e+00	5.015299e+00
2.026207087757609e-01	9.565086e+00	5.015375e+00
2.027538659582654e-01	9.536407e+00	5.015299e+00
2.028278054871148e-01	9.526186e+00	5.015376e+00
2.028845270530803e-01	9.530085e+00	5.015299e+00
2.029393934240919e-01	9.550256e+00	5.015376e+00
2.030032344388938e-01	9.594968e+00	5.015299e+00
2.030691918722287e-01	9.661420e+00	5.015376e+00
2.032011067388985e-01	9.832353e+00	5.015300e+00
2.033426927243357e-01	1.004221e+01	5.015376e+00
2.035160716043139e-01	1.029517e+01	5.015300e+00
2.037027628345313e-01	1.053480e+01	5.015376e+00
2.039276490541162e-01	1.075822e+01	5.015299e+00
2.042206178041162e-01	1.093108e+01	5.015376e+00
2.045045139663947e-01	1.097757e+01	5.015299e+00
2.046634145652851e-01	1.096234e+01	5.015375e+00
2.048077326249418e-01	1.093552e+01	5.015299e+00
2.048563005092097e-01	1.092515e+01	5.015375e+00
2.048929379841077e-01	1.091716e+01	5.015299e+00
2.049294345567954e-01	1.090912e+01	5.015375e+00
2.049627685589260e-01	1.090174e+01	5.015299e+00
2.049947924914041e-01	1.089462e+01	5.015375e+00
2.050288732661419e-01	1.088702e+01	5.015299e+00
2.050639513260221e-01	1.087920e+01	5.015375e+00
2.051007727339575e-01	1.087098e+01	5.015299e+00
2.051463750275146e-01	1.086079e+01	5.015375e+00
2.052021059230696e-01	1.084834e+01	5.015299e+00
2.052791389610175e-01	1.083113e+01	5.015375e+00
2.053959140727552e-01	1.080505e+01	5.015299e+00
2.056127152320616e-01	1.075661e+01	5.015375e+00
2.059056839820616e-01	1.069116e+01	5.015299e+00
2.061986527320616e-01	1.062571e+01	5.015375e+00
2.064916214820616e-01	1.056026e+01	5.015299e+00
2.067845902320616e-01	1.049481e+01	5.015375e+00
2.070775589820616e-01	1.042936e+01	5.015299e+00
2.073705277320617e-01	1.036391e+01	5.015375e+00
2.076634964820617e-01	1.029846e+01	5.015299e+00
2.079564652320617e-01	1.023301e+01	5.015375e+00
2.082494339820617e-01	1.016755e+01	5.015299e+00
2.085424027320617e-01	1.010210e+01	5.015375e+00
2.088353714820617e-01	1.003665e+01	5.015299e+00
2.091283402320617e-01	9.971203e+00	5.015375e+00
2.094213089820617e-01	9.905752e+00	5.015299e+00
2.097142777320617e-01	9.840302e+00	5.015375e+00
2.100072464820618e-01	9.774850e+00	5.015299e+00
2.103002152320618e-01	9.709399e+00	5.015375e+00
2.105931839820618e-01	9.643949e+00	5.015299e+00
2.108861527320618e-01	9.578499e+00	5.015375e+00
2.110143458841204e-01	9.549932e+00	5.015299e+00
2.111090321469674e-01	9.530486e+00	5.015375e+00
2.111538152472637e-01	9.524282e+00	5.015299e+00
2.111960718442384e-01	9.524329e+00	5.015376e+00
2.112444954651403e-01	9.535514e+00	5.015299e+00
2.113008796182656e-01	9.565530e+00	5.015376e+00
2.113605504090010e-01	9.615716e+00	5.015300e+00
2.114538058789821e-01	9.722330e+00	5.015376e+00
2.116280500616533e-01	9.968293e+00	5.015300e+00
2.118207609674224e-01	1.025349e+01	5.015376e+00
2.120040978457244e-01	1.049632e+01	5.015300e+00
2.122086732732127e-01	1.071287e+01	5.015376e+00
2.125016420232127e-01	1.090984e+01	5.015299e+00
2.127526737367592e-01	1.097421e+01	5.015376e+00
2.129383170063541e-01	1.096963e+01	5.015299e+00
2.130733259400924e-01	1.094827e+01	5.015375e+00
2.131977466981552e-01	1.092268e+01	5.015299e+00
2.132290968031998e-01	1.091584e+01	5.015375e+00
2.132623069728795e-01	1.090852e+01	5.015299e+00
2.132969701472940e-01	1.090084e+01	5.015375e+00
2.133283872080076e-01	1.089385e+01	5.015299e+00
2.133584952279505e-01	1.088715e+01	5.015375e+00
2.133902814236800e-01	1.088006e+01	5.015299e+00
2.134204288823886e-01	1.087333e+01	5.015375e+00
2.134508346167938e-01	1.086654e+01	5.015299e+00
2.134883236753210e-01	1.085816e+01	5.015375e+00
2.135317044530545e-01	1.084847e+01	5.015299e+00
2.135888980252284e-01	1.083570e+01	5.015375e+00
2.136672231180987e-01	1.081820e+01	5.015299e+00
2.137926446490236e-01	1.079018e+01	5.015375e+00
2.140380893679252e-01	1.073535e+01	5.015299e+00
2.143310581179252e-01	1.066989e+01	5.015375e+00
2.146240268679252e-01	1.060444e+01	5.015299e+00
2.149169956179252e-01	1.053899e+01	5.015375e+00
2.152099643679252e-01	1.047354e+01	5.015299e+00
2.155029331179252e-01	1.040809e+01	5.015375e+00
2.157959018679252e-01	1.034264e+01	5.015299e+00
2.160888706179253e-01	1.027719e+01	5.015375e+00
2.163818393679253e-01	1.021174e+01	5.015299e+00
2.166748081179253e-01	1.014629e+01	5.015375e+00
2.169677768679253e-01	1.008084e+01	5.015299e+00
2.172607456179253e-01	1.001539e+01	5.015375e+00
2.175537143679253e-01	9.949936e+00	5.015299e+00
2.178466831179253e-01	9.884485e+00	5.015375e+00
2.181396518679253e-01	9.819035e+00	5.015299e+00
2.184326206179253e-01	9.753584e+00	5.015375e+00
2.187255893679254e-01	9.688133e+00	5.015299e+00
2.190185581179254e-01	9.622683e+00	5.015375e+00
2.193115268679254e-01	9.557271e+00	5.015299e+00
2.194368145835940e-01	9.531103e+00	5.015375e+00
2.195088201120882e-01	9.523832e+00	5.015299e+00
2.195787907968612e-01	9.536633e+00	5.015376e+00
2.196418006462451e-01	9.571490e+00	5.015299e+00
2.197077807791606e-01	9.630070e+00	5.015376e+00
2.197923093411336e-01	9.729508e+00	5.015300e+00
2.199613664650795e-01	9.968819e+00	5.015376e+00
2.201567436226126e-01	1.025741e+01	5.015300e+00
2.203371250750228e-01	1.049604e+01	5.015376e+00
2.205477227404982e-01	1.071801e+01	5.015300e+00
2.208315597275265e-01	1.090832e+01	5.015376e+00
2.210826741168381e-01	1.097392e+01	5.015299e+00
2.212751742011870e-01	1.096933e+01	5.015375e+00
2.214032522481600e-01	1.094895e+01	5.015299e+00
2.215264405641688e-01	1.092371e+01	5.015375e+00
2.215546893265484e-01	1.091755e+01	5.015299e+00
2.215956295837256e-01	1.090854e+01	5.015375e+00
2.216360991231562e-01	1.089957e+01	5.015299e+00
2.216779255343387e-01	1.089027e+01	5.015375e+00
2.217250785839580e-01	1.087975e+01	5.015299e+00
2.217803416755990e-01	1.086742e+01	5.015375e+00
2.218522792697844e-01	1.085135e+01	5.015299e+00
2.219546573832597e-01	1.082848e+01	5.015375e+00
2.221250313934184e-01	1.079041e+01	5.015299e+00
2.224180001434184e-01	1.072496e+01	5.015375e+00
2.227109688934184e-01	1.065951e+01	5.015299e+00
2.230039376434184e-01	1.059406e+01	5.015375e+00
2.232969063934184e-01	1.052861e+01	5.015299e+00
2.235898751434184e-01	1.046316e+01	5.015375e+00
2.238828438934184e-01	1.039771e+01	5.015299e+00
2.241758126434184e-01	1.033226e+01	5.015375e+00
2.244687813934184e-01	1.026681e+01	5.015299e+00
2.247617501434185e-01	1.020136e+01	5.015375e+00
2.250547188934185e-01	1.013591e+01	5.015299e+00
2.253476876434185e-01	1.007046e+01	5.015375e+00
2.256406563934185e-01	1.000500e+01	5.015299e+00
2.259336251434185e-01	9.939554e+00	5.015375e+00
2.262265938934185e-01	9.874104e+00	5.015299e+00
2.265195626434185e-01	9.808653e+00	5.015375e+00
2.268125313934185e-01	9.743202e+00	5.015299e+00
2.271055001434185e-01	9.677752e+00	5.015375e+00
2.273984688934186e-01	9.612301e+00	5.015299e+00
2.275417904123117e-01	9.580282e+00	5.015375e+00
2.276645344645931e-01	9.552897e+00	5.015299e+00
2.277192073225607e-01	9.540838e+00	5.015375e+00
2.277557793850531e-01	9.533110e+00	5.015299e+00
2.277816198956041e-01	9.528169e+00	5.015375e+00
2.278083738208957e-01	9.524121e+00	5.015299e+00
2.278366783495792e-01	9.521975e+00	5.015375e+00
2.278779707940008e-01	9.525101e+00	5.015299e+00
2.279278891973230e-01	9.541369e+00	5.015376e+00
2.279848313196740e-01	9.577345e+00	5.015300e+00
2.280519554249504e-01	9.640435e+00	5.015376e+00
2.281597777643379e-01	9.773944e+00	5.015300e+00
2.283206245079507e-01	1.000797e+01	5.015376e+00
2.285130841289699e-01	1.029011e+01	5.015300e+00
2.286920018869074e-01	1.052188e+01	5.015376e+00
2.289153484082674e-01	1.074777e+01	5.015300e+00
2.292036927736793e-01	1.092452e+01	5.015376e+00
2.294769562073769e-01	1.097724e+01	5.015299e+00
2.296490015901411e-01	1.096421e+01	5.015375e+00
2.297796379135309e-01	1.094084e+01	5.015299e+00
2.298499886763550e-01	1.092604e+01	5.015375e+00
2.298840308286154e-01	1.091864e+01	5.015299e+00
2.299206602652275e-01	1.091059e+01	5.015375e+00
2.299559640741135e-01	1.090277e+01	5.015299e+00
2.299939213621758e-01	1.089434e+01	5.015375e+00
2.300308464224776e-01	1.088611e+01	5.015299e+00
2.300689785781073e-01	1.087760e+01	5.015375e+00
2.301155535159656e-01	1.086721e+01	5.015299e+00
2.301720804482237e-01	1.085458e+01	5.015375e+00
2.302489734344118e-01	1.083740e+01	5.015299e+00
2.303636757107644e-01	1.081178e+01	5.015375e+00
2.305711586636586e-01	1.076543e+01	5.015299e+00
2.308641274136586e-01	1.069998e+01	5.015375e+00
2.311570961636586e-01	1.063452e+01	5.015299e+00
2.314500649136587e-01	1.056907e+01	5.015375e+00
2.317430336636587e-01	1.050362e+01	5.015299e+00
2.320360024136587e-01	1.043817e+01	5.015375e+00
2.323289711636587e-01	1.037272e+01	5.015299e+00
2.326219399136587e-01	1.030727e+01	5.015375e+00
2.329149086636587e-01	1.024182e+01	5.015299e+00
2.332078774136587e-01	1.017637e+01	5.015375e+00
2.335008461636587e-01	1.011092e+01	5.015299e+00
2.337938149136587e-01	1.004547e+01	5.015375e+00
2.340867836636588e-01	9.980017e+00	5.015299e+00
2.343797524136588e-01	9.914565e+00	5.015375e+00
2.346727211636588e-01	9.849114e+00	5.015299e+00
2.349656899136588e-01	9.783664e+00	5.015375e+00
2.352586586636588e-01	9.718213e+00	5.015299e+00
2.355516274136588e-01	9.652762e+00	5.015375e+00
2.358445961636588e-01	9.587312e+00	5.015299e+00
2.360122940857537e-01	9.549933e+00	5.015375e+00
2.360897034379428e-01	9.533404e+00	5.015299e+00
2.361402003201405e-01	9.524972e+00	5.015375e+00
2.361799141254290e-01	9.522699e+00	5.015299e+00
2.362195708356249e-01	9.527432e+00	5.015375e+00
2.362707851082079e-01	9.546678e+00	5.015299e+00
2.363280140313363e-01	9.585756e+00	5.015376e+00
2.364001451719711e-01	9.657164e+00	5.015300e+00
2.365189021327859e-01	9.809833e+00	5.015376e+00
2.366696002256697e-01	1.003202e+01	5.015300e+00
2.368453388869540e-01	1.028921e+01	5.015376e+00
2.370309747914067e-01	1.052871e+01	5.015300e+00
2.372558136511195e-01	1.075379e+01	5.015376e+00
2.375487824011195e-01	1.092899e+01	5.015299e+00
2.378294315599971e-01	1.097749e+01	5.015375e+00
2.379958970012272e-01	1.096239e+01	5.015299e+00
2.381299579585563e-01	1.093764e+01	5.015375e+00
2.381912147852287e-01	1.092461e+01	5.015299e+00
2.382255230374806e-01	1.091713e+01	5.015375e+00
2.382625857517879e-01	1.090897e+01	5.015299e+00
2.382973943843863e-01	1.090126e+01	5.015375e+00
2.383343835246355e-01	1.089303e+01	5.015299e+00
2.383732118129000e-01	1.088438e+01	5.015375e+00
2.384147356106121e-01	1.087511e+01	5.015299e+00
2.384659526578156e-01	1.086367e+01	5.015375e+00
2.385303035941933e-01	1.084930e+01	5.015299e+00
2.386213981039385e-01	1.082895e+01	5.015375e+00
2.387675066025779e-01	1.079631e+01	5.015299e+00
2.390597235998567e-01	1.073102e+01	5.015375e+00
2.393526923498567e-01	1.066557e+01	5.015299e+00
2.396456610998567e-01	1.060012e+01	5.015375e+00
2.399386298498567e-01	1.053467e+01	5.015299e+00
2.402315985998567e-01	1.046922e+01	5.015375e+00
2.405245673498567e-01	1.040377e+01	5.015299e+00
2.408175360998568e-01	1.033832e+01	5.015375e+00
2.411105048498568e-01	1.027287e+01	5.015299e+00
2.414034735998568e-01	1.020742e+01	5.015375e+00
2.416964423498568e-01	1.014197e+01	5.015299e+00
2.419894110998568e-01	1.007652e+01	5.015375e+00
2.422823798498568e-01	1.001107e+01	5.015299e+00
2.425753485998568e-01	9.945615e+00	5.015375e+00
2.428683173498568e-01	9.880164e+00	5.015299e+00
2.431612860998568e-01	9.814713e+00	5.015375e+00
2.434542548498569e-01	9.749263e+00	5.015299e+00
2.437472235998569e-01	9.683811e+00	5.015375e+00
2.440401923498569e-01	9.618361e+00	5.015299e+00
2.443331610998569e-01	9.553000e+00	5.015375e+00
2.444585359998471e-01	9.528611e+00	5.015299e+00
2.445317827109082e-01	9.526280e+00	5.015375e+00
2.446029150171852e-01	9.548156e+00	5.015299e+00
2.446591266835728e-01	9.585621e+00	5.015376e+00
2.447272344580660e-01	9.651490e+00	5.015300e+00
2.448416253269204e-01	9.795805e+00	5.015376e+00
2.449903962648917e-01	1.001358e+01	5.015300e+00
2.451796161830439e-01	1.029038e+01	5.015376e+00
2.453611116986353e-01	1.052493e+01	5.015300e+00
2.455830312227678e-01	1.074869e+01	5.015376e+00
2.458759999727679e-01	1.092669e+01	5.015299e+00
2.461528070569874e-01	1.097741e+01	5.015375e+00
2.463113274567228e-01	1.096476e+01	5.015299e+00
2.464611502177674e-01	1.093795e+01	5.015375e+00
2.465068716960064e-01	1.092828e+01	5.015299e+00
2.465562449549088e-01	1.091756e+01	5.015375e+00
2.466047145999637e-01	1.090689e+01	5.015299e+00
2.466490661992654e-01	1.089704e+01	5.015375e+00
2.466985315626339e-01	1.088603e+01	5.015299e+00
2.467564737827567e-01	1.087310e+01	5.015375e+00
2.468309921031906e-01	1.085645e+01	5.015299e+00
2.469369670434541e-01	1.083278e+01	5.015375e+00
2.471120181885250e-01	1.079367e+01	5.015299e+00
2.474049869385251e-01	1.072822e+01	5.015375e+00
2.476979556885251e-01	1.066277e+01	5.015299e+00
2.479909244385251e-01	1.059732e+01	5.015375e+00
2.482838931885251e-01	1.053187e+01	5.015299e+00
2.485768619385251e-01	1.046642e+01	5.015375e+00
2.488698306885251e-01	1.040097e+01	5.015299e+00
2.491627994385251e-01	1.033552e+01	5.015375e+00
2.494557681885251e-01	1.027007e+01	5.015299e+00
2.497487369385251e-01	1.020462e+01	5.015375e+00
2.500417056885251e-01	1.013917e+01	5.015299e+00
2.503346744385251e-01	1.007372e+01	5.015375e+00
2.506276431885252e-01	1.000826e+01	5.015299e+00
2.509206119385252e-01	9.942814e+00	5.015375e+00
2.512135806885252e-01	9.877363e+00	5.015299e+00
2.515065494385252e-01	9.811913e+00	5.015375e+00
2.517995181885252e-01	9.746462e+00	5.015299e+00
2.520924869385252e-01	9.681010e+00	5.015375e+00
2.523854556885252e-01	9.615560e+00	5.015299e+00
2.526784244385252e-01	9.550252e+00	5.015375e+00
2.528065968142739e-01	9.527273e+00	5.015299e+00
2.528817110722580e-01	9.529407e+00	5.015375e+00
2.529544312616964e-01	9.558774e+00	5.015300e+00
2.530146519448565e-01	9.605170e+00	5.015376e+00
2.530854937949528e-01	9.680330e+00	5.015300e+00
2.532271774951454e-01	9.869794e+00	5.015376e+00
2.533598501559417e-01	1.006809e+01	5.015300e+00
2.535562885838167e-01	1.035005e+01	5.015376e+00
2.537390698526242e-01	1.057595e+01	5.015300e+00
2.539769050821979e-01	1.079669e+01	5.015376e+00
2.542698738321980e-01	1.094709e+01	5.015299e+00
2.545628425821980e-01	1.097546e+01	5.015375e+00
2.546932727574252e-01	1.095810e+01	5.015299e+00
2.548334941399341e-01	1.093069e+01	5.015375e+00
2.548718129580113e-01	1.092241e+01	5.015299e+00
2.549240926150624e-01	1.091094e+01	5.015375e+00
2.549760475600246e-01	1.089942e+01	5.015299e+00
2.550339998351968e-01	1.088652e+01	5.015375e+00
2.551017298820639e-01	1.087140e+01	5.015299e+00
2.551932659950937e-01	1.085096e+01	5.015375e+00
2.553310205833743e-01	1.082018e+01	5.015299e+00
2.555903823533878e-01	1.076224e+01	5.015375e+00
2.558833511033878e-01	1.069679e+01	5.015299e+00
2.561763198533878e-01	1.063134e+01	5.015375e+00
2.564692886033878e-01	1.056589e+01	5.015299e+00
2.567622573533878e-01	1.050044e+01	5.015375e+00
2.570552261033878e-01	1.043499e+01	5.015299e+00
2.573481948533878e-01	1.036954e+01	5.015375e+00
2.576411636033878e-01	1.030409e+01	5.015299e+00
2.579341323533879e-01	1.023864e+01	5.015375e+00
2.582271011033879e-01	1.017318e+01	5.015299e+00
2.585200698533879e-01	1.010773e+01	5.015375e+00
2.588130386033879e-01	1.004228e+01	5.015299e+00
2.591060073533879e-01	9.976832e+00	5.015375e+00
2.593989761033879e-01	9.911382e+00	5.015299e+00
2.596919448533879e-01	9.845931e+00	5.015375e+00
2.599849136033879e-01	9.780480e+00	5.015299e+00
2.602778823533879e-01	9.715029e+00	5.015375e+00
2.605708511033880e-01	9.649578e+00	5.015299e+00
2.608638198533880e-01	9.584128e+00	5.015375e+00
2.610102604229174e-01	9.551481e+00	5.015299e+00
2.611003765160027e-01	9.532573e+00	5.015375e+00
2.611468727767960e-01	9.525395e+00	5.015299e+00
2.611916521403951e-01	9.524425e+00	5.015375e+00
2.612348409689731e-01	9.532613e+00	5.015299e+00
2.612875529036424e-01	9.557149e+00	5.015376e+00
2.613466779973228e-01	9.602810e+00	5.015300e+00
2.614290266538420e-01	9.691581e+00	5.015376e+00
2.615757128079172e-01	9.891468e+00	5.015300e+00
2.617238562749082e-01	1.011335e+01	5.015376e+00
2.619036098619905e-01	1.036887e+01	5.015300e+00
2.620890021510034e-01	1.059403e+01	5.015376e+00
2.623696884074809e-01	1.083789e+01	5.015300e+00
2.626347394195305e-01	1.095532e+01	5.015375e+00
2.628730960362069e-01	1.097568e+01	5.015299e+00
2.630182439225734e-01	1.095840e+01	5.015375e+00
2.631638517933337e-01	1.093031e+01	5.015299e+00
2.631974548985949e-01	1.092307e+01	5.015375e+00
2.632377195265285e-01	1.091426e+01	5.015299e+00
2.632750268432037e-01	1.090603e+01	5.015375e+00
2.633146179585484e-01	1.089724e+01	5.015299e+00
2.633553679294463e-01	1.088816e+01	5.015375e+00
2.633989406939061e-01	1.087845e+01	5.015299e+00
2.634522630348161e-01	1.086654e+01	5.015375e+00
2.635196856245741e-01	1.085148e+01	5.015299e+00
2.636152075164150e-01	1.083014e+01	5.015375e+00
2.637702032591999e-01	1.079552e+01	5.015299e+00
2.640631720091999e-01	1.073006e+01	5.015375e+00
2.643561407591999e-01	1.066461e+01	5.015299e+00
2.646491095091999e-01	1.059916e+01	5.015375e+00
2.649420782591999e-01	1.053371e+01	5.015299e+00
2.652350470091999e-01	1.046826e+01	5.015375e+00
2.655280157591999e-01	1.040281e+01	5.015299e+00
2.658209845091999e-01	1.033736e+01	5.015375e+00
2.661139532592000e-01	1.027191e+01	5.015299e+00
2.664069220092000e-01	1.020646e+01	5.015375e+00
2.666998907592000e-01	1.014101e+01	5.015299e+00
2.669928595092000e-01	1.007556e+01	5.015375e+00
2.672858282592000e-01	1.001011e+01	5.015299e+00
2.675787970092000e-01	9.944655e+00	5.015375e+00
2.678717657592000e-01	9.879204e+00	5.015299e+00
2.681647345092000e-01	9.813753e+00	5.015375e+00
2.684577032592000e-01	9.748302e+00	5.015299e+00
2.687506720092001e-01	9.682852e+00	5.015375e+00
2.690436407592001e-01	9.617401e+00	5.015299e+00
2.693366095092001e-01	9.552053e+00	5.015375e+00
2.694428905106501e-01	9.530239e+00	5.015299e+00
2.695158508956668e-01	9.524254e+00	5.015375e+00
2.695826692174418e-01	9.538282e+00	5.015299e+00
2.696419343975723e-01	9.571745e+00	5.015376e+00
2.697073371945829e-01	9.629753e+00	5.015300e+00
2.697967423781238e-01	9.735288e+00	5.015376e+00
2.699755527452057e-01	9.989699e+00	5.015300e+00
2.701564100694697e-01	1.025716e+01	5.015376e+00
2.703492466114845e-01	1.051056e+01	5.015300e+00
2.705495293916970e-01	1.071967e+01	5.015376e+00
2.708424981416970e-01	1.091314e+01	5.015299e+00
2.710982565491656e-01	1.097518e+01	5.015375e+00
2.712819549895652e-01	1.096848e+01	5.015299e+00
2.714138290461638e-01	1.094696e+01	5.015375e+00
2.715172068879262e-01	1.092565e+01	5.015299e+00
2.715489139545876e-01	1.091876e+01	5.015375e+00
2.715833277054510e-01	1.091120e+01	5.015299e+00
2.716188098589949e-01	1.090335e+01	5.015375e+00
2.716518730095021e-01	1.089600e+01	5.015299e+00
2.716859359127792e-01	1.088842e+01	5.015375e+00
2.717174962158207e-01	1.088138e+01	5.015299e+00
2.717551820913596e-01	1.087297e+01	5.015375e+00
2.717970124904192e-01	1.086363e+01	5.015299e+00
2.718502108323296e-01	1.085175e+01	5.015375e+00
2.719190442172545e-01	1.083637e+01	5.015299e+00
2.720212902433958e-01	1.081353e+01	5.015375e+00
2.721976893020286e-01	1.077412e+01	5.015299e+00
2.724906580520287e-01	1.070867e+01	5.015375e+00
2.727836268020287e-01	1.064322e+01	5.015299e+00
2.730765955520287e-01	1.057777e+01	5.015375e+00
2.733695643020287e-01	1.051231e+01	5.015299e+00
2.736625330520287e-01	1.044686e+01	5.015375e+00
2.739555018020287e-01	1.038141e+01	5.015299e+00
2.742484705520287e-01	1.031596e+01	5.015375e+00
2.745414393020287e-01	1.025051e+01	5.015299e+00
2.748344080520287e-01	1.018506e+01	5.015375e+00
2.751273768020288e-01	1.011961e+01	5.015299e+00
2.754203455520288e-01	1.005416e+01	5.015375e+00
2.757133143020288e-01	9.988708e+00	5.015299e+00
2.760062830520288e-01	9.923258e+00	5.015375e+00
2.762992518020288e-01	9.857807e+00	5.015299e+00
2.765922205520288e-01	9.792356e+00	5.015375e+00
2.768851893020288e-01	9.726906e+00	5.015299e+00
2.771781580520288e-01	9.661455e+00	5.015375e+00
2.774711268020288e-01	9.596004e+00	5.015299e+00
2.775968394458375e-01	9.567922e+00	5.015375e+00
2.777088159206034e-01	9.543091e+00	5.015299e+00
2.777580903282041e-01	9.532670e+00	5.015375e+00
2.777927227624123e-01	9.526386e+00	5.015299e+00
2.778248328076610e-01	9.522641e+00	5.015375e+00
2.778570783704734e-01	9.522532e+00	5.015299e+00
2.779135296361736e-01	9.535336e+00	5.015375e+00
2.779726182250749e-01	9.568222e+00	5.015300e+00
2.780336321774137e-01	9.621384e+00	5.015376e+00
2.781252341376468e-01	9.728092e+00	5.015300e+00
2.783084380581131e-01	9.988347e+00	5.015376e+00
2.784979248455092e-01	1.026829e+01	5.015300e+00
2.786847928865269e-01	1.051307e+01	5.015376e+00
2.788900599644959e-01	1.072598e+01	5.015300e+00
2.791830287144959e-01	1.091619e+01	5.015375e+00
2.794433092271542e-01	1.097592e+01	5.015299e+00
2.796285508828455e-01	1.096693e+01	5.015375e+00
2.797531135439458e-01	1.094589e+01	5.015299e+00
2.798514961535716e-01	1.092552e+01	5.015375e+00
2.798839168227015e-01	1.091847e+01	5.015299e+00
2.799264423087627e-01	1.090912e+01	5.015375e+00
2.799685722199110e-01	1.089978e+01	5.015299e+00
2.800115966952308e-01	1.089021e+01	5.015375e+00
2.800605243493692e-01	1.087930e+01	5.015299e+00
2.801187534922456e-01	1.086630e+01	5.015375e+00
2.801953907096476e-01	1.084918e+01	5.015299e+00
2.803069968911736e-01	1.082425e+01	5.015375e+00
2.804992833290168e-01	1.078129e+01	5.015299e+00
2.807922520790168e-01	1.071584e+01	5.015375e+00
2.810852208290168e-01	1.065039e+01	5.015299e+00
2.813781895790168e-01	1.058494e+01	5.015375e+00
2.816711583290168e-01	1.051949e+01	5.015299e+00
2.819641270790169e-01	1.045404e+01	5.015375e+00
2.822570958290169e-01	1.038859e+01	5.015299e+00
2.825500645790169e-01	1.032313e+01	5.015375e+00
2.828430333290169e-01	1.025768e+01	5.015299e+00
2.831360020790169e-01	1.019223e+01	5.015375e+00
2.834289708290169e-01	1.012678e+01	5.015299e+00
2.837219395790169e-01	1.006133e+01	5.015375e+00
2.840149083290169e-01	9.995881e+00	5.015299e+00
2.843078770790169e-01	9.930429e+00	5.015375e+00
2.846008458290170e-01	9.864979e+00	5.015299e+00
2.848938145790170e-01	9.799528e+00	5.015375e+00
2.851867833290170e-01	9.734077e+00	5.015299e+00
2.854797520790170e-01	9.668627e+00	5.015375e+00
2.857727208290170e-01	9.603176e+00	5.015299e+00
2.858907860488384e-01	9.576800e+00	5.015375e+00
2.859980682030312e-01	9.552866e+00	5.015299e+00
2.860396376082748e-01	9.543658e+00	5.015375e+00
2.860703786418919e-01	9.536991e+00	5.015299e+00
2.860935684612324e-01	9.532185e+00	5.015375e+00
2.861176558046037e-01	9.527666e+00	5.015299e+00
2.861418519989585e-01	9.524060e+00	5.015375e+00
2.861706191244361e-01	9.521921e+00	5.015299e+00
2.862125824101396e-01	9.525307e+00	5.015375e+00
2.862625578258561e-01	9.541977e+00	5.015300e+00
2.863197380660362e-01	9.578563e+00	5.015376e+00
2.863872929627721e-01	9.642589e+00	5.015300e+00
2.864972161689698e-01	9.779532e+00	5.015376e+00
2.866557744579107e-01	1.001079e+01	5.015300e+00
2.868491232187371e-01	1.029391e+01	5.015376e+00
2.870272355122021e-01	1.052414e+01	5.015300e+00
2.872528707258763e-01	1.075128e+01	5.015376e+00
2.875404607058300e-01	1.092584e+01	5.015300e+00
2.878158819312749e-01	1.097734e+01	5.015375e+00
2.879859054289898e-01	1.096372e+01	5.015299e+00
2.881178878325337e-01	1.093990e+01	5.015375e+00
2.881845297237052e-01	1.092584e+01	5.015299e+00
2.882187224094940e-01	1.091840e+01	5.015375e+00
2.882545100084767e-01	1.091053e+01	5.015299e+00
2.882895892589050e-01	1.090277e+01	5.015375e+00
2.883275545758515e-01	1.089433e+01	5.015299e+00
2.883630748467472e-01	1.088641e+01	5.015375e+00
2.883989724773898e-01	1.087841e+01	5.015299e+00
2.884426601224162e-01	1.086865e+01	5.015375e+00
2.884945268315141e-01	1.085707e+01	5.015299e+00
2.885636081842169e-01	1.084164e+01	5.015375e+00
2.886624414102724e-01	1.081956e+01	5.015299e+00
2.888303210851593e-01	1.078205e+01	5.015375e+00
2.891232898351593e-01	1.071660e+01	5.015299e+00
2.894162585851593e-01	1.065115e+01	5.015375e+00
2.897092273351594e-01	1.058570e+01	5.015299e+00
2.900021960851594e-01	1.052025e+01	5.015375e+00
2.902951648351594e-01	1.045480e+01	5.015299e+00
2.905881335851594e-01	1.038935e+01	5.015375e+00
2.908811023351594e-01	1.032390e+01	5.015299e+00
2.911740710851594e-01	1.025845e+01	5.015375e+00
2.914670398351594e-01	1.019299e+01	5.015299e+00
2.917600085851594e-01	1.012754e+01	5.015375e+00
2.920529773351594e-01	1.006209e+01	5.015299e+00
2.923459460851595e-01	9.996642e+00	5.015375e+00
2.926389148351595e-01	9.931191e+00	5.015299e+00
2.929318835851595e-01	9.865741e+00	5.015375e+00
2.932248523351595e-01	9.800290e+00	5.015299e+00
2.935178210851595e-01	9.734839e+00	5.015375e+00
2.938107898351595e-01	9.669388e+00	5.015299e+00
2.941037585851595e-01	9.603937e+00	5.015375e+00
2.943093562953371e-01	9.558031e+00	5.015299e+00
2.944190648596148e-01	9.534404e+00	5.015375e+00
2.944769319022691e-01	9.524910e+00	5.015299e+00
2.945207686668934e-01	9.523353e+00	5.015375e+00
2.945640947632461e-01	9.530679e+00	5.015300e+00
2.946156210438749e-01	9.553382e+00	5.015375e+00
2.946736321196732e-01	9.596581e+00	5.015300e+00
2.947541771845114e-01	9.681365e+00	5.015376e+00
2.948871721370031e-01	9.859714e+00	5.015300e+00
2.950297895922903e-01	1.007260e+01	5.015376e+00
2.952039777485606e-01	1.032435e+01	5.015300e+00
2.953868335211937e-01	1.055461e+01	5.015376e+00
2.956593838538819e-01	1.080804e+01	5.015300e+00
2.959124795943564e-01	1.093956e+01	5.015375e+00
2.962054483443564e-01	1.097668e+01	5.015299e+00
2.963573774880445e-01	1.095832e+01	5.015375e+00
2.965015436111372e-01	1.093022e+01	5.015299e+00
2.965477097907081e-01	1.092022e+01	5.015375e+00
2.965813147940485e-01	1.091284e+01	5.015299e+00
2.966166760498986e-01	1.090502e+01	5.015375e+00
2.966499117555279e-01	1.089764e+01	5.015299e+00
2.966850310873809e-01	1.088982e+01	5.015375e+00
2.967233725406799e-01	1.088127e+01	5.015299e+00
2.967648502800646e-01	1.087201e+01	5.015375e+00
2.968164957087986e-01	1.086048e+01	5.015299e+00
2.968819920047281e-01	1.084585e+01	5.015375e+00
2.969761681732799e-01	1.082481e+01	5.015299e+00
2.971305622881324e-01	1.079031e+01	5.015375e+00
2.974235310381324e-01	1.072486e+01	5.015299e+00
2.977164997881324e-01	1.065941e+01	5.015375e+00
2.980094685381324e-01	1.059396e+01	5.015299e+00
2.983024372881324e-01	1.052851e+01	5.015375e+00
2.985954060381324e-01	1.046306e+01	5.015299e+00
2.988883747881325e-01	1.039761e+01	5.015375e+00
2.991813435381325e-01	1.033216e+01	5.015299e+00
2.994743122881325e-01	1.026671e+01	5.015375e+00
2.997672810381325e-01	1.020126e+01	5.015299e+00
3.000000000000000e-01	1.014927e+01	5.015375e+00
